	lon	lat
	23.429254	37.7433915
	23.4292835	37.7434142
	23.4293103	37.7434284
	23.4293318	37.7434608
	23.4293291	37.7434863
	23.4293479	37.7434948
	23.429372	37.7435054
	23.4293881	37.7435175
	23.4294203	37.7435287
	23.4294444	37.7435372
	23.4294686	37.7435541
	23.4294954	37.7435641
	23.4295383	37.7435775
	23.4295678	37.743586
	23.429592	37.743569
	23.4296161	37.7435457
	23.4296456	37.7435478
	23.4296536	37.7435705
	23.4296778	37.7435641
	23.4297368	37.7435408
	23.4297904	37.7435096
	23.4298495	37.7434757
	23.4299299	37.7434029
	23.430005	37.7433505
	23.4300587	37.7433102
	23.4300855	37.7432911
	23.4301204	37.7432742
	23.4301472	37.7432742
	23.430166	37.7432269
	23.4301928	37.7431851
	23.4302223	37.743149
	23.4302598	37.7431087
	23.4302545	37.7430869
	23.4302545	37.743043
	23.4302813	37.7429957
	23.4303188	37.7429412
	23.4303564	37.7428606
	23.4303939	37.7427545
	23.4304288	37.7426209
	23.4304422	37.7424936
	23.4304503	37.7423
	23.4304476	37.7421946
	23.4304449	37.7421027
	23.4304315	37.7420419
	23.430402	37.7419691
	23.4303618	37.7419246
	23.4303135	37.7418991
	23.4302625	37.7418786
	23.4302357	37.7418906
	23.4302115	37.7418892
	23.4301908	37.7418903
	23.4301392	37.7417599
	23.4301285	37.7417332
	23.430124	37.7415339
	23.4300629	37.7412037
	23.4301031	37.7409826
	23.4300934	37.7409608
	23.4300686	37.7409214
	23.4300411	37.7408711
	23.4300202	37.7408164
	23.4300009	37.7407757
	23.4299826	37.7407167
	23.4299424	37.7407029
	23.4299311	37.7406882
	23.4299203	37.7406425
	23.4298948	37.7406069
	23.429842	37.7405301
	23.4298366	37.7405057
	23.429844	37.7404892
	23.429856	37.7404766
	23.4298741	37.7404602
	23.4299124	37.7404358
	23.4299539	37.7404194
	23.4300619	37.740369
	23.430135	37.7403234
	23.4301846	37.7402782
	23.4302517	37.740221
	23.430287	37.7401937
	23.43045	37.7400677
	23.4304508	37.7400417
	23.430454	37.740013
	23.4304581	37.7399917
	23.4304676	37.7399713
	23.4304944	37.7399453
	23.4303382	37.7398424
	23.4303213	37.7398379
	23.4303067	37.739837
	23.4302926	37.7398403
	23.4302785	37.7398451
	23.4302664	37.7398483
	23.4302589	37.7398396
	23.4302604	37.7398308
	23.4302738	37.7398228
	23.4302926	37.7398159
	23.4303154	37.7398117
	23.4303308	37.7398117
	23.4303476	37.7398207
	23.4305185	37.7399395
	23.430534	37.7399352
	23.4305534	37.7399257
	23.4305615	37.7399182
	23.4305843	37.7399022
	23.4306305	37.7398785
	23.4306574	37.7398498
	23.4306728	37.7398387
	23.4307076	37.7397994
	23.4307573	37.7397608
	23.4309166	37.7395729
	23.4312742	37.7391748
	23.4315986	37.7386302
	23.4316771	37.7383591
	23.4317928	37.7381483
	23.4318123	37.7379514
	23.431795	37.7376159
	23.4318643	37.7370868
	23.4319381	37.7369594
	23.4319579	37.7366232
	23.4319343	37.7362125
	23.4317938	37.7361786
	23.4317654	37.7360326
	23.4316058	37.736026
	23.4316358	37.7357289
	23.4317514	37.7356226
	23.4318166	37.7354879
	23.4317925	37.7349304
	23.4317144	37.7348596
	23.431602	37.7347991
	23.4315535	37.7347141
	23.4316192	37.7346504
	23.4316369	37.73457
	23.4315883	37.734447
	23.4317184	37.7343672
	23.4317769	37.734261
	23.4316626	37.7342404
	23.4316909	37.7341978
	23.4320719	37.7339723
	23.4324728	37.7338213
	23.4329265	37.7335824
	23.433115	37.7333622
	23.4333733	37.7330574
	23.433478	37.7328773
	23.4335104	37.7325763
	23.4333767	37.7323692
	23.4330926	37.7322925
	23.4330375	37.7321889
	23.4330721	37.7319146
	23.4331371	37.7315983
	23.4331653	37.7315727
	23.4331892	37.7315614
	23.4332001	37.7315701
	23.4331803	37.731762
	23.4331643	37.7319157
	23.4331678	37.7319744
	23.4331681	37.7320349
	23.4331399	37.7321788
	23.4331563	37.7322446
	23.4334095	37.7322952
	23.4334243	37.7322982
	23.4334472	37.7323027
	23.4334657	37.7323224
	23.4335857	37.7324132
	23.4338488	37.7323665
	23.4340853	37.7320709
	23.4341601	37.7318417
	23.4338158	37.7317749
	23.4338185	37.7317358
	23.4340793	37.7313669
	23.4340603	37.7312265
	23.4342295	37.7307173
	23.4341169	37.7303945
	23.4338755	37.7298429
	23.4338325	37.7295587
	23.4338379	37.7293423
	23.43392	37.7292073
	23.4341329	37.7289063
	23.4348271	37.7284324
	23.4348652	37.7284102
	23.435797	37.727863
	23.4359713	37.7276808
	23.4361076	37.7274218
	23.4362556	37.7273167
	23.4364785	37.7273109
	23.4366722	37.7271755
	23.4369195	37.7271042
	23.4371555	37.7270912
	23.4373299	37.7271494
	23.4376202	37.7271379
	23.4399729	37.7264636
	23.4408191	37.726337
	23.4417234	37.7261381
	23.4425842	37.7258857
	23.4432618	37.7255624
	23.4436728	37.7252607
	23.4439525	37.7251883
	23.4442361	37.7251376
	23.4443518	37.7250182
	23.4449463	37.7248626
	23.4449867	37.7248013
	23.4451892	37.7248528
	23.4452026	37.7249207
	23.4452343	37.7249644
	23.4452921	37.7250161
	23.4453956	37.7250581
	23.4455307	37.7250771
	23.4458685	37.7250654
	23.4459463	37.7250368
	23.4462317	37.724958
	23.4465564	37.7250537
	23.4469017	37.7250264
	23.4474294	37.7249757
	23.4476365	37.7248977
	23.4478436	37.7249016
	23.4480359	37.7247729
	23.4481494	37.724753
	23.4483235	37.724727
	23.4491451	37.7243152
	23.4504525	37.7239615
	23.4516213	37.723825
	23.4526816	37.7232633
	23.4537079	37.7225907
	23.4552723	37.7218019
	23.4558419	37.7213737
	23.4571224	37.720874
	23.4580294	37.7204045
	23.4583804	37.7200612
	23.4586222	37.7197446
	23.4587432	37.7195404
	23.4588012	37.7194426
	23.4588851	37.7192795
	23.4588648	37.7190977
	23.459043	37.7190154
	23.4591231	37.7189239
	23.4591629	37.7188787
	23.4592332	37.7187013
	23.4592463	37.7186105
	23.4593119	37.7184292
	23.4594024	37.7181792
	23.4594684	37.7179969
	23.459487	37.7179456
	23.4596497	37.7178974
	23.4597853	37.7177418
	23.45987	37.7174523
	23.4597615	37.7173745
	23.4598836	37.7172592
	23.4600296	37.7169828
	23.4600943	37.7168121
	23.4600219	37.7167588
	23.4600779	37.716708
	23.4602885	37.716859
	23.460441	37.7168965
	23.4608308	37.7168671
	23.4613717	37.7167768
	23.4613776	37.71672
	23.4613957	37.7165456
	23.4613968	37.716376
	23.4618964	37.7156454
	23.4619134	37.7155408
	23.4620117	37.7153746
	23.4619676	37.7152647
	23.4621608	37.71527
	23.4623642	37.7152191
	23.4625608	37.7151038
	23.4627709	37.7148839
	23.4629302	37.7146051
	23.4630183	37.7141868
	23.4631346	37.7139058
	23.462981	37.7131143
	23.462815	37.7123501
	23.4627517	37.7117516
	23.4626997	37.7112615
	23.4631514	37.7107512
	23.4634318	37.7106555
	23.4637528	37.7103995
	23.4643165	37.7099409
	23.4645605	37.7096178
	23.4648554	37.709347
	23.464921	37.7088867
	23.4648961	37.708379
	23.4647774	37.7077032
	23.4648927	37.7072045
	23.4652214	37.7064671
	23.4650655	37.7061909
	23.4648994	37.7059468
	23.4646825	37.7057001
	23.4645198	37.7056036
	23.4643987	37.7055832
	23.4645614	37.7051863
	23.4646089	37.7053097
	23.4647648	37.7052829
	23.4649275	37.7052024
	23.4649749	37.7049503
	23.4648732	37.7047465
	23.4645076	37.7045278
	23.4639932	37.7042266
	23.4639928	37.7039032
	23.4641292	37.7034633
	23.4643012	37.7033863
	23.4644096	37.7034233
	23.4644811	37.7033824
	23.4648482	37.7031718
	23.4653633	37.7027877
	23.4657329	37.7024212
	23.466139	37.7021645
	23.4664426	37.7019669
	23.466551	37.701965
	23.4667481	37.7018519
	23.4667891	37.7017941
	23.4669453	37.7017836
	23.4675219	37.7014658
	23.4676851	37.701345
	23.4677012	37.7013351
	23.4677328	37.7013182
	23.4680406	37.701141
	23.4683031	37.7008813
	23.4684866	37.7000408
	23.4686713	37.6998312
	23.4688142	37.6994066
	23.4684219	37.698882
	23.468205	37.6987286
	23.4680864	37.6986395
	23.4680146	37.6985609
	23.4679905	37.6984909
	23.4680456	37.6984234
	23.468246	37.6982304
	23.4681869	37.6981173
	23.4678304	37.697546
	23.4676102	37.697468
	23.4673466	37.6973101
	23.4671149	37.6973335
	23.4669868	37.6972789
	23.4668611	37.6974134
	23.466287	37.6975285
	23.4655896	37.6975674
	23.4650621	37.6975425
	23.4642515	37.6973003
	23.4639176	37.6971104
	23.4633902	37.696634
	23.4633972	37.6964547
	23.4636794	37.6962203
	23.4641185	37.6958563
	23.4646029	37.6955061
	23.4646134	37.6953585
	23.464659	37.6952901
	23.4648047	37.6952032
	23.4648153	37.6951448
	23.4648291	37.6950681
	23.4648152	37.694922
	23.4647734	37.6947951
	23.4646931	37.6946939
	23.4646619	37.6946545
	23.4645329	37.6945635
	23.4643437	37.6945124
	23.463592	37.6945194
	23.4627591	37.6946021
	23.4624942	37.6945524
	23.4620482	37.6946738
	23.4614766	37.69474
	23.4598178	37.6949771
	23.4585756	37.6948661
	23.4579595	37.6948553
	23.4573632	37.6947988
	23.4572203	37.6947403
	23.4571045	37.6946389
	23.4558445	37.6944062
	23.4544037	37.6939974
	23.4538295	37.6938512
	23.4532891	37.6937665
	23.4530689	37.6936945
	23.4522828	37.6937627
	23.4518012	37.6937578
	23.4513761	37.6937863
	23.4511912	37.6937445
	23.4510663	37.6936894
	23.450939	37.693716
	23.4507735	37.6938046
	23.4503596	37.6938384
	23.4494836	37.6939099
	23.4493107	37.6938985
	23.4492128	37.6937961
	23.4490975	37.6937225
	23.4489241	37.6936229
	23.4488784	37.6936647
	23.4488328	37.6936343
	23.4487776	37.6936054
	23.4487091	37.6936091
	23.4486911	37.6936704
	23.4486431	37.6936118
	23.4486751	37.6933721
	23.4488075	37.6931275
	23.4489604	37.6929783
	23.4491696	37.6928421
	23.4499114	37.6925792
	23.4505369	37.6922268
	23.4512886	37.6917743
	23.45126	37.6917198
	23.451348	37.6916722
	23.4513956	37.6916923
	23.451562	37.6916278
	23.4517374	37.6915161
	23.4515145	37.6912288
	23.4515057	37.6911401
	23.451506	37.6909383
	23.4515753	37.6909329
	23.4517052	37.6911477
	23.4518771	37.6914374
	23.4525563	37.6911709
	23.4523777	37.6907758
	23.4524239	37.6907601
	23.4524283	37.6907586
	23.4524728	37.6907435
	23.4526607	37.6911391
	23.4532902	37.6910644
	23.4533287	37.6910529
	23.4536156	37.6909861
	23.4536507	37.6909772
	23.4540447	37.6908795
	23.4541594	37.6908512
	23.4542362	37.6905155
	23.4541953	37.6901713
	23.4541171	37.6899833
	23.454015	37.6898031
	23.4539185	37.6897207
	23.4537744	37.6896637
	23.4536063	37.6896618
	23.4535596	37.6896393
	23.4535398	37.6896298
	23.4534838	37.6896029
	23.4529747	37.6895154
	23.4529199	37.6894942
	23.45287	37.6894888
	23.4528028	37.6894816
	23.452247	37.6894215
	23.4518964	37.6892961
	23.451589	37.6892543
	23.4512335	37.6892657
	23.4508829	37.6891896
	23.4504842	37.6892087
	23.4502873	37.6891364
	23.4501	37.6891288
	23.4499175	37.6889882
	23.4497301	37.6888938
	23.4495969	37.6887012
	23.4495872	37.6885568
	23.4493949	37.6880938
	23.4495748	37.6879609
	23.4495632	37.6878954
	23.4493567	37.6879334
	23.449448	37.6878004
	23.4497217	37.6877966
	23.4499235	37.6877928
	23.4500051	37.6877282
	23.4501149	37.6874971
	23.4503894	37.6874241
	23.4505959	37.6874735
	23.4505287	37.6875343
	23.4505911	37.6876027
	23.4507112	37.6875989
	23.4510234	37.6874507
	23.4513068	37.6876293
	23.4515133	37.6876598
	23.4517343	37.6876293
	23.4519216	37.6877472
	23.4521281	37.6877966
	23.452767	37.6874051
	23.4528438	37.6872036
	23.4529827	37.6871229
	23.4531464	37.6871732
	23.453132	37.6874089
	23.4532617	37.6874697
	23.4534058	37.6874811
	23.4537564	37.6873329
	23.454076	37.6871529
	23.4542267	37.6871812
	23.4544882	37.6871248
	23.4546682	37.6869232
	23.4550112	37.6868506
	23.4552184	37.6867834
	23.4553441	37.6865953
	23.4558535	37.6863588
	23.4562033	37.6862943
	23.4564557	37.6862406
	23.4567457	37.6863052
	23.4568946	37.6862557
	23.4574422	37.6863508
	23.457812	37.6863736
	23.4584076	37.6861341
	23.4587823	37.6859745
	23.4588255	37.6860429
	23.4590897	37.6859403
	23.4593394	37.6859859
	23.4596783	37.6863364
	23.4600071	37.6863736
	23.4603438	37.6863517
	23.4606951	37.6861682
	23.4615384	37.685989
	23.4620298	37.6857505
	23.4631499	37.6855144
	23.4632335	37.6853803
	23.4632208	37.6850957
	23.4632325	37.6849267
	23.4632875	37.684794
	23.4633406	37.6846176
	23.4634185	37.6844916
	23.4635076	37.6844127
	23.4636251	37.6842739
	23.4631788	37.6835149
	23.4631499	37.6829994
	23.4630297	37.6825911
	23.4629211	37.6824887
	23.4628983	37.6823779
	23.4629103	37.6821206
	23.4632121	37.6812223
	23.4637185	37.6805354
	23.4641073	37.6801974
	23.46445	37.6798996
	23.4644953	37.6798603
	23.4647281	37.6797975
	23.464877	37.6797574
	23.4652978	37.6796441
	23.4662003	37.6794011
	23.4672282	37.6792407
	23.4684491	37.6793181
	23.4694102	37.6795359
	23.4699765	37.6795421
	23.4702666	37.6793164
	23.4704492	37.6791218
	23.4704934	37.6789807
	23.4705145	37.6788032
	23.4702115	37.6784262
	23.4695974	37.6774719
	23.4695209	37.6774623
	23.4693156	37.6769603
	23.4693314	37.6767268
	23.4694408	37.6765823
	23.4695715	37.6765229
	23.4701561	37.6762102
	23.471202	37.6759231
	23.4724968	37.6760134
	23.4726516	37.6761405
	23.4727033	37.6762767
	23.4728524	37.6762994
	23.4730417	37.676077
	23.4745336	37.6762299
	23.4747051	37.6764129
	23.4746821	37.6765309
	23.4749574	37.6766354
	23.475118	37.6765491
	23.4751109	37.6766393
	23.4751763	37.6767243
	23.4753405	37.6768159
	23.4754845	37.6768682
	23.4754751	37.6769317
	23.475729	37.6769942
	23.475812	37.6769512
	23.476128	37.677062
	23.4764949	37.6773439
	23.4767527	37.6773696
	23.4773605	37.6779339
	23.4774219	37.6781364
	23.4775756	37.6782863
	23.4780777	37.678147
	23.4784258	37.6779865
	23.478641	37.677829
	23.4787458	37.6775581
	23.4789186	37.6774129
	23.4790366	37.6772174
	23.4790647	37.6769758
	23.4790447	37.6767186
	23.4788491	37.6763128
	23.4781158	37.6741016
	23.4783612	37.6737345
	23.4786471	37.6736075
	23.4789645	37.6735754
	23.4799259	37.6737885
	23.4805897	37.6738805
	23.4810135	37.6738449
	23.4813232	37.6737191
	23.4816286	37.6737588
	23.4819098	37.6738657
	23.4819098	37.6739993
	23.4820786	37.6740972
	23.4824049	37.6741002
	23.4825661	37.6740438
	23.4826394	37.673941
	23.4832412	37.674308
	23.4833649	37.6745514
	23.4831793	37.6749334
	23.4834474	37.6751955
	23.4838075	37.6753617
	23.4840212	37.6754567
	23.4842575	37.6754805
	23.4847225	37.6753588
	23.4853638	37.6756318
	23.4858947	37.6761643
	23.4870815	37.6778432
	23.4873702	37.6785763
	23.4879864	37.6789002
	23.4888092	37.6787274
	23.4899917	37.6792976
	23.4901454	37.679636
	23.4908458	37.6800882
	23.4913418	37.6802207
	23.4918334	37.6802261
	23.4923404	37.680074
	23.4927412	37.6793342
	23.4932057	37.6788999
	23.4936262	37.6786763
	23.4936144	37.6788405
	23.4948558	37.6792531
	23.4952571	37.6792857
	23.4956771	37.6794044
	23.4961648	37.6793857
	23.4969444	37.6792396
	23.4973833	37.6792337
	23.4985751	37.6790038
	23.4991563	37.6789437
	23.4997452	37.6789697
	23.5004249	37.6792353
	23.500618	37.6793524
	23.5007499	37.6793396
	23.5009213	37.6793809
	23.50101	37.6794638
	23.501149	37.6794006
	23.501321	37.6794567
	23.5014621	37.6798565
	23.5016175	37.6799506
	23.5020938	37.6807668
	23.5026329	37.6814099
	23.5024838	37.6820401
	23.5024787	37.6821347
	23.5026214	37.6823039
	23.5027701	37.6823692
	23.5028683	37.6825614
	23.5028128	37.6826429
	23.5028429	37.6827877
	23.5030914	37.6829869
	23.5041902	37.6836933
	23.5044786	37.6837643
	23.5045513	37.6838891
	23.5049252	37.6839006
	23.505244	37.6839472
	23.5054803	37.6838684
	23.5055834	37.6838682
	23.505586	37.6839812
	23.5056527	37.6840108
	23.5055756	37.6841399
	23.5055371	37.6842283
	23.5056191	37.6843165
	23.5061441	37.684459
	23.5062753	37.6845809
	23.5064613	37.6846594
	23.5065896	37.6846238
	23.5066907	37.6846056
	23.5067418	37.6846473
	23.5067946	37.6847329
	23.506917	37.6847243
	23.5071072	37.6847954
	23.5071435	37.6848506
	23.5071158	37.6849012
	23.5068959	37.6850286
	23.5069044	37.6851325
	23.5068321	37.6851967
	23.5067959	37.6852701
	23.5068492	37.6853434
	23.5071787	37.6855091
	23.5072379	37.6855829
	23.5072989	37.6856604
	23.5074064	37.6856563
	23.507457	37.6855889
	23.5077863	37.685455
	23.5078277	37.685461
	23.5074717	37.6858472
	23.5075767	37.686118
	23.5079367	37.686308
	23.5080643	37.6867108
	23.5081353	37.6870748
	23.5083718	37.6874476
	23.5085893	37.6877741
	23.5087291	37.6877829
	23.5087779	37.6881524
	23.5098365	37.6888045
	23.510394	37.6891063
	23.5110897	37.6893895
	23.5117566	37.6895823
	23.5120474	37.6896181
	23.5124002	37.689553
	23.5128498	37.688961
	23.5131437	37.6887485
	23.5132986	37.6884102
	23.5133113	37.6883649
	23.5133776	37.6884415
	23.513445	37.6884347
	23.5134673	37.6883681
	23.5135808	37.688315
	23.5137271	37.6883606
	23.5143238	37.6884196
	23.5145626	37.6882631
	23.5155427	37.6880705
	23.5161448	37.6877707
	23.5164675	37.6874889
	23.5165731	37.6874544
	23.5166804	37.6874375
	23.5168091	37.6874332
	23.5170988	37.6874035
	23.5171685	37.687378
	23.5172275	37.6873738
	23.5175387	37.6874417
	23.5176728	37.6874969
	23.5178552	37.6875436
	23.5180107	37.6875684
	23.5181073	37.6876158
	23.5181931	37.6876922
	23.5183487	37.6877425
	23.5184238	37.687811
	23.5185043	37.6878832
	23.5185847	37.6879165
	23.5186491	37.6879681
	23.5186598	37.688032
	23.5187135	37.6881339
	23.5188959	37.6882952
	23.5190139	37.6883801
	23.5190997	37.6884565
	23.5191855	37.6885499
	23.5192714	37.6886518
	23.5193787	37.6886263
	23.519443	37.6886858
	23.519443	37.6887791
	23.5195718	37.6887961
	23.5196576	37.6888216
	23.5197434	37.6888556
	23.5197756	37.6889405
	23.5198507	37.6890763
	23.5200868	37.6891782
	23.5202799	37.689348
	23.5204194	37.6895178
	23.5205803	37.6898489
	23.5208539	37.6902815
	23.5211006	37.6906037
	23.5212455	37.6907913
	23.5214708	37.6909781
	23.5216532	37.6912073
	23.5218677	37.6914026
	23.5220716	37.6915384
	23.5222647	37.6916318
	23.5225115	37.6916912
	23.5226831	37.6917167
	23.5228655	37.6916573
	23.5230586	37.6915978
	23.5233376	37.6916063
	23.5234771	37.6916488
	23.5237238	37.6918186
	23.5238633	37.6919969
	23.5240028	37.6920733
	23.5243032	37.6921751
	23.5246894	37.6924468
	23.5249255	37.6926671
	23.5251079	37.6929218
	23.5252151	37.6930152
	23.5252473	37.6931086
	23.5252259	37.6931935
	23.525183	37.6932444
	23.5251937	37.6933293
	23.5252795	37.6934482
	23.5253761	37.693584
	23.5253761	37.6937114
	23.5253117	37.6937878
	23.5253117	37.6938896
	23.5253546	37.694
	23.5253546	37.6941189
	23.5252044	37.694399
	23.5251186	37.6945773
	23.5250006	37.6946282
	23.5248825	37.6946367
	23.5248128	37.6947212
	23.5247323	37.694815
	23.5247431	37.6948914
	23.524727	37.6949589
	23.5246572	37.6950612
	23.5245714	37.6952055
	23.5244963	37.6952904
	23.5244319	37.6955281
	23.5242925	37.6956979
	23.5241744	37.6957828
	23.5240779	37.6958592
	23.5240779	37.6959271
	23.5240779	37.695995
	23.5240457	37.6960629
	23.5239009	37.6962238
	23.5238097	37.6963601
	23.5236434	37.6966398
	23.5234771	37.6969289
	23.5232947	37.697226
	23.5231928	37.6974717
	23.5230801	37.6977099
	23.5229943	37.6978627
	23.5228494	37.6979641
	23.5225007	37.6981937
	23.5222272	37.6983037
	23.5218272	37.6986306
	23.5214397	37.6990628
	23.5209624	37.700201
	23.5204928	37.7004251
	23.5202247	37.700507
	23.5200923	37.7006103
	23.5199883	37.7006176
	23.5199288	37.7007904
	23.5199422	37.7008416
	23.5199681	37.7009403
	23.5200389	37.7010934
	23.5207319	37.7011487
	23.5212293	37.7012533
	23.5213235	37.7014847
	23.5212513	37.7015848
	23.5205819	37.7019493
	23.5204622	37.7022771
	23.5205431	37.7029135
	23.5209403	37.7036344
	23.5225535	37.7052252
	23.5236784	37.7061799
	23.523972	37.7065347
	23.5240513	37.7067447
	23.5243362	37.7069659
	23.5250182	37.707449
	23.5250692	37.7078265
	23.5249757	37.7079678
	23.5248539	37.7081093
	23.5245737	37.7082374
	23.5244594	37.7082684
	23.5242777	37.7082799
	23.5241401	37.7083497
	23.5240809	37.7083555
	23.5240063	37.7083629
	23.523939	37.7083756
	23.5237297	37.7083713
	23.5234505	37.7084206
	23.5231269	37.7085023
	23.5222604	37.7084278
	23.5219924	37.7084903
	23.521822	37.7086397
	23.5216913	37.7089086
	23.5216298	37.7092484
	23.5215709	37.7096647
	23.5216149	37.7100663
	23.5216999	37.7104275
	23.5224223	37.711627
	23.5225528	37.7121302
	23.5228106	37.7125274
	23.5227838	37.7127075
	23.5230594	37.7129505
	23.5232061	37.7129163
	23.5233411	37.7130585
	23.5232992	37.7131008
	23.5232674	37.713032
	23.5232139	37.7129684
	23.5231636	37.7129552
	23.5231185	37.7129803
	23.523095	37.7130095
	23.5231452	37.7132425
	23.5231971	37.7133869
	23.523239	37.7134292
	23.5232791	37.713461
	23.5233377	37.7134464
	23.5233494	37.7133273
	23.523326	37.7131935
	23.5234013	37.7132134
	23.5234432	37.7133101
	23.5234633	37.7134941
	23.5234147	37.7135696
	23.5233193	37.7135961
	23.5234114	37.7137987
	23.523639	37.7141792
	23.5239637	37.7144859
	23.5243487	37.7147759
	23.5247354	37.7149599
	23.5249297	37.7149503
	23.5252325	37.7152605
	23.525661	37.7155028
	23.5258183	37.7154684
	23.5260376	37.7153479
	23.5261165	37.7153608
	23.5265436	37.7157416
	23.5277113	37.7161644
	23.5280965	37.7173954
	23.5279852	37.7183414
	23.5284603	37.7199224
	23.5289118	37.7200406
	23.5285461	37.7204901
	23.528764	37.7207467
	23.5283829	37.7211982
	23.5285739	37.7214544
	23.5288381	37.7216267
	23.5291024	37.7217404
	23.5293156	37.721777
	23.5294439	37.721716
	23.5302566	37.7212967
	23.5306645	37.7212307
	23.5310493	37.7213706
	23.5313552	37.7217037
	23.5317024	37.7223645
	23.5321004	37.7227914
	23.5322709	37.7231025
	23.5325169	37.7232796
	23.5328278	37.7233961
	23.5331772	37.7235737
	23.5336684	37.7237613
	23.5342839	37.7240472
	23.534794	37.7241928
	23.5352326	37.7242794
	23.5355734	37.7242776
	23.5359819	37.7241885
	23.5361566	37.7241249
	23.5362081	37.7240655
	23.5362056	37.7239036
	23.5362755	37.7237267
	23.5363799	37.7235764
	23.536436	37.7234855
	23.5365871	37.7234448
	23.5367276	37.723438
	23.5369052	37.7234919
	23.5371982	37.7235053
	23.5372015	37.7233963
	23.5372246	37.7233121
	23.5372898	37.7232551
	23.5374005	37.723232
	23.5375062	37.7232612
	23.5375658	37.7232511
	23.5376355	37.723326
	23.5376829	37.7233304
	23.5377457	37.7233029
	23.537783	37.7233121
	23.5378045	37.7233557
	23.5378936	37.7233842
	23.5379481	37.7235206
	23.5380676	37.7236056
	23.5381848	37.7236661
	23.5381561	37.7237299
	23.5382738	37.7238322
	23.5383222	37.7239146
	23.538254	37.7240352
	23.5384481	37.724231
	23.5386381	37.7244235
	23.538857	37.7247633
	23.5387669	37.7251868
	23.5386157	37.7253612
	23.5384373	37.7254563
	23.5383765	37.7255231
	23.5384193	37.725608
	23.5385221	37.7255797
	23.5386981	37.7256286
	23.5389725	37.7257039
	23.5391454	37.7257213
	23.5393905	37.7256232
	23.5395433	37.7255799
	23.5398426	37.7257295
	23.5401182	37.7258198
	23.5401662	37.7257782
	23.5402781	37.7257992
	23.5403057	37.725903
	23.5403049	37.7260163
	23.5400881	37.7261624
	23.5400338	37.726218
	23.5399579	37.7262233
	23.5398819	37.7263605
	23.5398091	37.7263864
	23.5396386	37.7264059
	23.5394231	37.7263436
	23.5391316	37.7261164
	23.5388147	37.7260456
	23.5387295	37.7260758
	23.5385955	37.7261639
	23.5385096	37.7262623
	23.5384905	37.7263626
	23.5385527	37.7265078
	23.5386291	37.7265548
	23.5386709	37.7266923
	23.5386586	37.7268281
	23.5386035	37.726931
	23.5384656	37.7268897
	23.5385312	37.7269585
	23.5384949	37.7270401
	23.5384014	37.7270775
	23.5383093	37.7270744
	23.5381738	37.7271627
	23.5380772	37.7272473
	23.5381317	37.7273823
	23.5382124	37.7275218
	23.5383457	37.7276462
	23.5384866	37.7277291
	23.5386847	37.7277865
	23.5387092	37.7277936
	23.5388024	37.7278165
	23.5389014	37.7278303
	23.5390226	37.7276823
	23.5390956	37.7276616
	23.5391449	37.7276795
	23.5391738	37.7277197
	23.5393175	37.7277152
	23.5393934	37.7276536
	23.5395118	37.727627
	23.5395658	37.727681
	23.5397336	37.7276341
	23.540126	37.7275551
	23.540239	37.727488
	23.5403896	37.7275058
	23.5405404	37.7275237
	23.5406399	37.7275539
	23.5406913	37.7276137
	23.5406734	37.7276592
	23.540643	37.7276883
	23.5404294	37.7276095
	23.5404969	37.7276783
	23.5405494	37.7277233
	23.5405489	37.7278328
	23.5404949	37.7279236
	23.5404733	37.7280199
	23.5405484	37.7280864
	23.5406571	37.7282078
	23.5408275	37.7283206
	23.5409715	37.7284327
	23.5410278	37.7285743
	23.5411753	37.7287157
	23.5413229	37.7288785
	23.5415322	37.7290218
	23.5419934	37.7292289
	23.5421556	37.7293188
	23.542242	37.7294098
	23.5422298	37.7295057
	23.5422553	37.7296322
	23.5421682	37.7297673
	23.5412145	37.7305033
	23.5411502	37.7303959
	23.5410164	37.7304934
	23.5409152	37.7306744
	23.540754	37.7308713
	23.5404469	37.7310905
	23.5403168	37.7312761
	23.5402892	37.7313009
	23.5402104	37.7312795
	23.540081	37.731192
	23.5401122	37.7310238
	23.5401044	37.730983
	23.5399437	37.7309433
	23.5399239	37.7309616
	23.5399211	37.7310118
	23.5398162	37.7310484
	23.5397838	37.7311032
	23.5397758	37.7311933
	23.5398538	37.7312141
	23.5399509	37.7312654
	23.539972	37.7312944
	23.5399595	37.7313625
	23.5399417	37.7314811
	23.539909	37.7315354
	23.539833	37.7315185
	23.5397729	37.7315017
	23.5397061	37.7314563
	23.5396376	37.7313983
	23.5395152	37.7314955
	23.5394317	37.7316864
	23.5394176	37.7320429
	23.5394708	37.7321978
	23.5395129	37.7323328
	23.5395679	37.7336295
	23.53971	37.7345183
	23.5396466	37.7352414
	23.5397019	37.7354092
	23.5397181	37.735511
	23.5397279	37.7356273
	23.5397165	37.7357214
	23.5397001	37.7357922
	23.539697	37.7358643
	23.5397059	37.7359518
	23.5397144	37.736117
	23.5397342	37.7363514
	23.5398754	37.736654
	23.5396893	37.7367961
	23.5394742	37.7370804
	23.5394389	37.7373405
	23.5390893	37.7378123
	23.5385217	37.7382191
	23.5379514	37.7389344
	23.5378508	37.738997
	23.5375355	37.7395981
	23.5373766	37.7395712
	23.5373732	37.7396035
	23.5374379	37.7396115
	23.537371	37.7399543
	23.5373407	37.7400459
	23.5373471	37.7399489
	23.5373538	37.7398662
	23.5373062	37.739857
	23.5372904	37.73959
	23.5373369	37.7395963
	23.5373392	37.7395604
	23.5369692	37.7394898
	23.5367419	37.7394873
	23.5365254	37.739519
	23.5363171	37.7395801
	23.5361088	37.7397007
	23.5359419	37.7398554
	23.5357939	37.7400337
	23.5357162	37.740158
	23.5356412	37.7403142
	23.5355181	37.7406522
	23.5354665	37.7409562
	23.5354275	37.7412027
	23.5354313	37.7414112
	23.5354093	37.7417327
	23.5354866	37.7419972
	23.5355944	37.7423989
	23.5356684	37.7425997
	23.5357478	37.7427243
	23.5358319	37.7428344
	23.5359159	37.7429404
	23.5360653	37.7431459
	23.5362196	37.7433489
	23.5363874	37.7434692
	23.5365574	37.7434326
	23.5366553	37.7434439
	23.5371876	37.7431511
	23.5372131	37.7431342
	23.5374915	37.7429486
	23.5375508	37.7429708
	23.5376519	37.743066
	23.5375885	37.7431591
	23.5375503	37.7432517
	23.5375519	37.7433047
	23.5375867	37.7433316
	23.5377285	37.7434059
	23.5377182	37.7434423
	23.5378273	37.7434485
	23.5379451	37.743406
	23.5380051	37.7434212
	23.538127	37.7435639
	23.538227	37.7435773
	23.5382524	37.7436214
	23.5381904	37.7437022
	23.5382959	37.7437253
	23.5384068	37.743796
	23.5386236	37.7434149
	23.5383856	37.7433344
	23.5384544	37.7431904
	23.5387425	37.7432716
	23.5388731	37.7433126
	23.5387623	37.7435269
	23.5386734	37.743501
	23.5383548	37.7440629
	23.538352	37.7443778
	23.5381869	37.7445689
	23.5382798	37.7445973
	23.5383285	37.7446308
	23.5384062	37.744636
	23.5383918	37.7446695
	23.5382789	37.7447342
	23.5382952	37.7447964
	23.5383472	37.7448278
	23.538399	37.744826
	23.5384406	37.7447682
	23.5385237	37.7447507
	23.5385985	37.7447106
	23.5388384	37.7446685
	23.5390889	37.7448086
	23.538954	37.7450621
	23.5389718	37.7452026
	23.5389062	37.7452525
	23.5388642	37.7453253
	23.5388843	37.7453851
	23.5389344	37.7454519
	23.5390248	37.7455053
	23.53915	37.7455191
	23.5392829	37.7454952
	23.5394246	37.745486
	23.5395674	37.7454781
	23.5395789	37.7454389
	23.5396736	37.7454226
	23.5397481	37.7454492
	23.5398193	37.7453701
	23.5398475	37.7453965
	23.5398875	37.7454518
	23.539912	37.7453998
	23.539948	37.7453991
	23.5399971	37.7454571
	23.5400332	37.7453974
	23.5400239	37.7453065
	23.5400479	37.7453279
	23.5401143	37.7454217
	23.5401754	37.7454697
	23.5402323	37.7454521
	23.5402349	37.7453731
	23.5403416	37.7453416
	23.5404184	37.7453675
	23.5404381	37.7454438
	23.5404417	37.7455577
	23.5404378	37.7456398
	23.5404567	37.7456857
	23.5404881	37.7456949
	23.5405073	37.7456764
	23.5405166	37.7456243
	23.5405451	37.7456157
	23.5405727	37.7456217
	23.5406663	37.7457243
	23.5408678	37.7457305
	23.5410301	37.7455264
	23.541147	37.7454505
	23.5413733	37.7453834
	23.5416945	37.7454007
	23.5418058	37.7455311
	23.5417829	37.7456297
	23.5417082	37.7457029
	23.5417727	37.7457672
	23.5417007	37.7459164
	23.5417577	37.7461738
	23.5417356	37.7462891
	23.5420604	37.7463227
	23.5420552	37.7463525
	23.5420053	37.7464449
	23.5420783	37.7464769
	23.5421578	37.7464832
	23.5422348	37.7464994
	23.5423422	37.7464611
	23.542358	37.7464307
	23.5423898	37.7464265
	23.5423913	37.746457
	23.5424693	37.7464275
	23.5424706	37.746336
	23.542485	37.7463194
	23.542626	37.7463468
	23.542652	37.7463871
	23.5426177	37.7464989
	23.5426552	37.7466333
	23.5427674	37.7466189
	23.542881	37.7465559
	23.5430282	37.7465798
	23.5430432	37.7464727
	23.543085	37.7464307
	23.54315	37.7464175
	23.5431596	37.7463825
	23.5432208	37.7463634
	23.5432624	37.7463856
	23.543273	37.7463175
	23.5432999	37.7463009
	23.5434274	37.7463228
	23.543465	37.7463531
	23.5435157	37.7463628
	23.5434899	37.7463213
	23.543497	37.7463054
	23.5438312	37.7463203
	23.54386	37.7463665
	23.5438171	37.7464588
	23.543732	37.7465049
	23.5437732	37.7465327
	23.5438608	37.7465441
	23.5438605	37.7465833
	23.5439142	37.746612
	23.5439329	37.7466676
	23.5440366	37.7466019
	23.5440961	37.746611
	23.5441598	37.7465828
	23.5442315	37.746578
	23.5442999	37.7465917
	23.5444203	37.7465184
	23.5444096	37.7464544
	23.5444732	37.7463677
	23.5445296	37.7462734
	23.5446521	37.7462062
	23.5447477	37.7462804
	23.544863	37.7463081
	23.5449159	37.7463779
	23.5448613	37.7465641
	23.5448047	37.7466185
	23.5447698	37.7466935
	23.5447867	37.7467465
	23.5448	37.7468182
	23.544841	37.7468501
	23.5449317	37.7468209
	23.5450162	37.7467818
	23.5450732	37.7467351
	23.5451033	37.7466549
	23.5451432	37.7466393
	23.5452806	37.7466552
	23.5454082	37.74664
	23.5455648	37.7467179
	23.5456611	37.7467245
	23.5457509	37.7466976
	23.5458584	37.7466804
	23.5459362	37.7466614
	23.5458665	37.7465409
	23.5459361	37.7465012
	23.5461048	37.7464915
	23.5461541	37.7464941
	23.546186	37.7465068
	23.5462214	37.7465629
	23.5462764	37.7465674
	23.5462851	37.7465763
	23.5462252	37.7466318
	23.5462796	37.7466795
	23.5462784	37.7467244
	23.5462774	37.7467542
	23.5462352	37.7467618
	23.5461929	37.7469036
	23.5462654	37.7469073
	23.5462453	37.7469753
	23.546258	37.7470744
	23.5462622	37.7471564
	23.5463098	37.7471759
	23.5462318	37.7472276
	23.5461705	37.747295
	23.5462047	37.747342
	23.5462536	37.7473429
	23.5462696	37.7472931
	23.5463214	37.7472787
	23.5464085	37.7471906
	23.54655	37.7471538
	23.546549	37.7470879
	23.5465861	37.7470852
	23.5466081	37.747005
	23.5466425	37.7470023
	23.5467043	37.7469799
	23.5467009	37.7468918
	23.546815	37.7468215
	23.5469387	37.7467842
	23.5469933	37.7467561
	23.5470552	37.746771
	23.5471492	37.7467816
	23.5471697	37.7468287
	23.5472451	37.7468234
	23.5474108	37.7466519
	23.5475115	37.7465994
	23.5476576	37.7465938
	23.5478385	37.7465074
	23.547939	37.7464481
	23.5479914	37.7464314
	23.5480744	37.7464632
	23.5482792	37.7467269
	23.5483035	37.7467253
	23.5483294	37.7467239
	23.5484015	37.7467853
	23.5484276	37.7468245
	23.5484434	37.7468645
	23.5485074	37.7468479
	23.5485298	37.7468147
	23.5485176	37.7467516
	23.5486139	37.7467209
	23.5487286	37.7465421
	23.5487244	37.7464979
	23.548695	37.7463815
	23.5487787	37.7463775
	23.5487804	37.7463394
	23.5486955	37.7463162
	23.5487039	37.7462706
	23.5487511	37.7462499
	23.5488042	37.7462396
	23.5489273	37.7459948
	23.5489806	37.7458008
	23.5490886	37.745748
	23.5490679	37.7455891
	23.5494357	37.745102
	23.549766	37.745067
	23.5497895	37.7451665
	23.5508852	37.744915
	23.5508312	37.7448157
	23.5512025	37.7449356
	23.5512286	37.7448119
	23.5528399	37.7446424
	23.5532374	37.7446628
	23.5534441	37.7447601
	23.5535154	37.7449839
	23.5538551	37.744915
	23.5538743	37.7452164
	23.5540852	37.7453272
	23.5543824	37.7453211
	23.5544837	37.7453771
	23.5545755	37.7452942
	23.5545741	37.7451966
	23.554744	37.745206
	23.5548534	37.7452728
	23.5546986	37.7454135
	23.5548355	37.7456971
	23.5549478	37.7457567
	23.5551971	37.7459536
	23.5555769	37.7465364
	23.5552851	37.7469978
	23.5554018	37.7471574
	23.5553022	37.7475118
	23.5553582	37.7479011
	23.5554025	37.7480701
	23.5554143	37.7482519
	23.5553096	37.7483619
	23.5553369	37.748623
	23.5552855	37.7487633
	23.5553115	37.7489292
	23.5554272	37.7489406
	23.5554699	37.7489905
	23.5554455	37.7491302
	23.555343	37.7491668
	23.5553098	37.7492997
	23.5553924	37.7499933
	23.5556216	37.7504875
	23.5554371	37.7520851
	23.5553934	37.7523343
	23.5554807	37.7526646
	23.5553995	37.7528919
	23.5552484	37.7529714
	23.5551786	37.7534112
	23.5552958	37.7536961
	23.5552721	37.7540022
	23.5553817	37.7542217
	23.5555253	37.7543757
	23.5556923	37.7544226
	23.5558159	37.7543237
	23.5559071	37.7543317
	23.5560069	37.7542349
	23.5561816	37.7541786
	23.5562138	37.754203
	23.5561319	37.7542632
	23.5561376	37.7543376
	23.5561855	37.754412
	23.5561096	37.7545608
	23.5559873	37.7546357
	23.5560607	37.7548902
	23.5561816	37.7549326
	23.5561951	37.754997
	23.5560683	37.755179
	23.5560266	37.7553397
	23.5560433	37.7554667
	23.5562263	37.7555852
	23.5564056	37.7556408
	23.5565757	37.755764
	23.5567299	37.7557897
	23.5567601	37.7558816
	23.5567914	37.7559954
	23.5568392	37.7560565
	23.5569381	37.7560986
	23.5571046	37.7560514
	23.5572921	37.7559903
	23.5574208	37.7560311
	23.5574857	37.7560826
	23.5574703	37.756151
	23.557552	37.7561563
	23.5576257	37.7561617
	23.5577082	37.7561877
	23.5576833	37.7562816
	23.5578333	37.7562521
	23.5578518	37.7563351
	23.5581293	37.7564296
	23.5581044	37.7564811
	23.5582245	37.7565623
	23.5583609	37.7566149
	23.5586001	37.7568283
	23.558726	37.7569724
	23.5586528	37.7570361
	23.5584495	37.7570998
	23.5582706	37.7572313
	23.5581161	37.7573227
	23.5580755	37.7574816
	23.5581537	37.7576108
	23.5583716	37.7576529
	23.5585857	37.7577754
	23.5585687	37.7578426
	23.5584465	37.7579471
	23.5584261	37.7580733
	23.5585378	37.7582264
	23.5585612	37.7583254
	23.5585067	37.7584175
	23.5589415	37.758797
	23.5594475	37.7591913
	23.5597061	37.7593495
	23.5599551	37.7594755
	23.5602996	37.7595961
	23.5605063	37.7595345
	23.5607778	37.7596181
	23.561231	37.7596489
	23.5613223	37.7597049
	23.5613529	37.7598016
	23.5612044	37.7599234
	23.5610935	37.7601708
	23.5613233	37.7605381
	23.5616934	37.7608907
	23.5622032	37.7611823
	23.5625307	37.7613696
	23.5626911	37.7613946
	23.5628627	37.7614171
	23.5628569	37.7614691
	23.5628231	37.7615816
	23.5628547	37.7616387
	23.5628465	37.7617032
	23.5629084	37.7617529
	23.563002	37.761889
	23.5634776	37.7621804
	23.564209	37.7626287
	23.5643687	37.7626962
	23.5645241	37.7626871
	23.5646323	37.7627594
	23.5647406	37.7629681
	23.564778	37.7630818
	23.5647151	37.7631801
	23.5648556	37.7633174
	23.5648372	37.7634213
	23.5647198	37.7635477
	23.564562	37.7635793
	23.5645857	37.7636567
	23.564541	37.7637373
	23.5647936	37.7639131
	23.5650514	37.7640156
	23.565172	37.7641488
	23.5652998	37.7643322
	23.5652391	37.7646035
	23.5650292	37.7652735
	23.5649197	37.765292
	23.5645987	37.7654144
	23.5645978	37.765623
	23.5647184	37.7659278
	23.5649127	37.7659124
	23.5648837	37.7671151
	23.5645395	37.767781
	23.5639716	37.7680699
	23.5636989	37.7681937
	23.5636536	37.7682986
	23.5641315	37.7686547
	23.5643479	37.7691195
	23.5644058	37.7694219
	23.5640226	37.769791
	23.5638782	37.7698248
	23.5636892	37.7697207
	23.5635555	37.7696795
	23.5634221	37.7697369
	23.5634245	37.7698396
	23.5635111	37.7700291
	23.5635125	37.770209
	23.5633609	37.7702714
	23.5631754	37.7702993
	23.5630957	37.7703917
	23.5628201	37.7704025
	23.5626011	37.7703662
	23.5624228	37.7703235
	23.5623132	37.7701236
	23.5620576	37.7698243
	23.5618899	37.7698813
	23.5615028	37.7697136
	23.5611277	37.7697199
	23.56108	37.7697837
	23.5609616	37.7698014
	23.5604907	37.7695981
	23.5603785	37.7695884
	23.5602292	37.7696507
	23.5602016	37.7696623
	23.5601801	37.7696714
	23.5599474	37.7695158
	23.5594112	37.7694114
	23.5591923	37.7693624
	23.5589039	37.7691185
	23.5582111	37.7692366
	23.5580519	37.7695876
	23.5578824	37.7698225
	23.5576595	37.7699981
	23.5571172	37.7703359
	23.5568756	37.7703656
	23.5564947	37.7702599
	23.5561389	37.7701848
	23.555844	37.7702803
	23.5556565	37.7704904
	23.5552091	37.7705162
	23.5541071	37.7711113
	23.5539462	37.7710292
	23.553637	37.7709934
	23.5533845	37.7711143
	23.552074	37.7719238
	23.5514478	37.772022
	23.5500999	37.7718125
	23.5498823	37.7719167
	23.549495	37.7720601
	23.5494064	37.7721123
	23.5490347	37.7720022
	23.5486819	37.7715299
	23.5477652	37.7711978
	23.5474857	37.7712908
	23.5473743	37.7713708
	23.5473621	37.7715069
	23.5472627	37.7715952
	23.5472484	37.7717122
	23.5473192	37.7718236
	23.5471272	37.7718894
	23.5470864	37.7719001
	23.5468177	37.7717551
	23.546409	37.7717501
	23.5460444	37.7716259
	23.5459202	37.7716526
	23.5458607	37.7717353
	23.5457693	37.7717517
	23.5456225	37.7717097
	23.5455137	37.7717523
	23.5453638	37.771818
	23.5450937	37.7717546
	23.5448731	37.771774
	23.5446544	37.7719955
	23.5444852	37.7720221
	23.54427	37.7723481
	23.544113	37.772344
	23.5439667	37.7723419
	23.543795	37.7726283
	23.5435864	37.772749
	23.5433455	37.7730882
	23.54295	37.7731058
	23.5426025	37.7730854
	23.5422635	37.7730652
	23.5418572	37.7728511
	23.5415833	37.7725806
	23.5414182	37.7723786
	23.5411044	37.7723092
	23.5407247	37.7723093
	23.5407463	37.772258
	23.5405864	37.7722485
	23.5404861	37.7723369
	23.5404156	37.7722782
	23.540356	37.77213
	23.5400281	37.7720076
	23.5399125	37.7718921
	23.5399353	37.7716997
	23.5398679	37.7715902
	23.5396463	37.7714905
	23.5393909	37.7715471
	23.5392284	37.771455
	23.5391	37.7713952
	23.5390376	37.771257
	23.5388724	37.7711377
	23.53885	37.7710426
	23.5382805	37.7711094
	23.5380747	37.7710339
	23.5379418	37.7709831
	23.5377386	37.7709207
	23.537215	37.7709526
	23.536888	37.7709584
	23.5362597	37.7710833
	23.5357857	37.7712721
	23.5356314	37.7713679
	23.5350583	37.7715218
	23.5348856	37.7714928
	23.5345733	37.7715015
	23.5342463	37.7716525
	23.534114	37.7718791
	23.5339172	37.7721137
	23.5336409	37.7721885
	23.5333807	37.7721039
	23.5333392	37.7723134
	23.5331937	37.7725269
	23.532461	37.77295
	23.5323311	37.7728925
	23.5320961	37.7730249
	23.5319154	37.7729253
	23.5312406	37.7730783
	23.5308071	37.7731414
	23.5305281	37.772761
	23.5304395	37.7724196
	23.5300188	37.7723567
	23.5296106	37.7726331
	23.5293857	37.7730069
	23.5290048	37.7729608
	23.5285639	37.7725484
	23.5280715	37.7725542
	23.5278311	37.7724578
	23.5276159	37.7729143
	23.5268006	37.7732773
	23.5264696	37.7732396
	23.5262418	37.7733441
	23.525794	37.7734096
	23.5256972	37.7734066
	23.5257674	37.7732916
	23.5258744	37.7733064
	23.5259707	37.773247
	23.526025	37.7732134
	23.5261144	37.7730532
	23.5260506	37.7729733
	23.5259051	37.772926
	23.525783	37.7729342
	23.5256713	37.7730924
	23.5256011	37.7730841
	23.5255362	37.7731766
	23.5253935	37.7731811
	23.5253413	37.7731827
	23.5250815	37.7731191
	23.5250555	37.7729527
	23.5248087	37.7729137
	23.5247226	37.7729775
	23.5243455	37.7728529
	23.5243715	37.7725613
	23.5240234	37.7724832
	23.5239714	37.7721588
	23.5236601	37.7720219
	23.523509	37.7723395
	23.5232929	37.7725598
	23.5228387	37.7725654
	23.5222204	37.7722861
	23.5219969	37.7722491
	23.5214825	37.7723929
	23.5211032	37.7723354
	23.520568	37.7722327
	23.5198094	37.7724011
	23.5195808	37.7722491
	23.5193573	37.7722779
	23.5192482	37.7724093
	23.5191492	37.7722897
	23.5190511	37.7725224
	23.5188478	37.7724259
	23.5187972	37.7723836
	23.5187176	37.7723866
	23.5186511	37.7724499
	23.5185981	37.7725365
	23.518526	37.7726292
	23.518072	37.7726815
	23.5178278	37.7726803
	23.5174348	37.7726236
	23.5170593	37.7724042
	23.5166553	37.7724016
	23.5164073	37.7723122
	23.5160925	37.7722633
	23.5157868	37.7722833
	23.5153469	37.7720086
	23.5147842	37.7718584
	23.5142326	37.771927
	23.5141539	37.7720734
	23.514075	37.7721003
	23.5137907	37.7721671
	23.5134139	37.7721268
	23.5132476	37.7721221
	23.5132201	37.7720354
	23.5128537	37.7720768
	23.5127885	37.7721494
	23.5128528	37.7721945
	23.5128496	37.7725866
	23.5127303	37.7725733
	23.512684	37.7724896
	23.5124265	37.7725256
	23.5123454	37.7724647
	23.5121865	37.7725007
	23.5119464	37.7726036
	23.5118478	37.7727387
	23.5115744	37.7729124
	23.511467	37.7729052
	23.5112966	37.7729926
	23.5111598	37.7729688
	23.5110492	37.7728453
	23.510907	37.7728824
	23.5108969	37.7730037
	23.5109265	37.7730221
	23.5110515	37.7730207
	23.511062	37.7730293
	23.5109838	37.7730627
	23.5108919	37.7730595
	23.510895	37.7730901
	23.5107991	37.7731442
	23.5107361	37.7731214
	23.5105148	37.7729152
	23.5104249	37.7729396
	23.5103491	37.773097
	23.5101084	37.7732438
	23.5099542	37.7733923
	23.5097819	37.7734824
	23.5097034	37.773414
	23.5096799	37.7734299
	23.5096916	37.7734592
	23.5096591	37.7734924
	23.5097021	37.7735379
	23.5096397	37.7737025
	23.5094555	37.7738431
	23.5093736	37.7739074
	23.5092513	37.7739707
	23.508992	37.7740218
	23.5087792	37.774016
	23.5086495	37.7740062
	23.5085285	37.7740631
	23.5084475	37.7740443
	23.5083552	37.7740421
	23.5082752	37.7740541
	23.508186	37.7740261
	23.5081119	37.7739861
	23.5081294	37.7739365
	23.5080335	37.773911
	23.5079859	37.7739634
	23.5078957	37.7739703
	23.5078203	37.7739335
	23.5078123	37.7739136
	23.5078424	37.7739012
	23.5078961	37.7739193
	23.5079683	37.7739217
	23.5079495	37.7738528
	23.5078678	37.7737982
	23.5077849	37.7738148
	23.5076634	37.773831
	23.50759	37.7738558
	23.5076225	37.7739186
	23.5076741	37.7739303
	23.5077211	37.7739091
	23.5077539	37.7739216
	23.507711	37.7739536
	23.507654	37.7739648
	23.5075906	37.7739488
	23.5075283	37.7739844
	23.5075199	37.7739738
	23.5074879	37.7739906
	23.5074817	37.7739813
	23.5075361	37.7739455
	23.5074883	37.7739284
	23.5074175	37.7739274
	23.5072803	37.7741125
	23.5073313	37.7741284
	23.5073534	37.7741825
	23.5074376	37.7741908
	23.5074842	37.7741952
	23.5074915	37.7742938
	23.507456	37.7744221
	23.5072884	37.774628
	23.5070927	37.7747019
	23.5071018	37.7747936
	23.5070377	37.7748784
	23.5069194	37.7747673
	23.5068148	37.7746214
	23.5067114	37.7746396
	23.5064479	37.7745628
	23.5061033	37.7744955
	23.5058625	37.7745612
	23.5056151	37.7746603
	23.5055286	37.7747907
	23.5055393	37.7749486
	23.5054052	37.7749698
	23.5053127	37.7749333
	23.5052161	37.7747843
	23.5049708	37.7746263
	23.5047744	37.7744651
	23.5047338	37.774364
	23.5045326	37.774284
	23.5044392	37.774208
	23.5044179	37.7741164
	23.5043885	37.7739747
	23.5042856	37.7739354
	23.5041296	37.7739214
	23.5039927	37.7738394
	23.5038831	37.7737889
	23.5037341	37.7738006
	23.5036459	37.7738032
	23.5037053	37.7738965
	23.5037783	37.7740053
	23.5037932	37.774078
	23.5037576	37.7740888
	23.5037059	37.7740084
	23.5037068	37.7739487
	23.5035906	37.7738034
	23.5034757	37.7736991
	23.5034272	37.7735657
	23.5032354	37.7734969
	23.5029342	37.7735225
	23.5026841	37.7735718
	23.5026359	37.7736953
	23.5025996	37.7737192
	23.5025473	37.7736964
	23.5025138	37.7736333
	23.5022237	37.7734584
	23.5019952	37.7733773
	23.5019424	37.7733006
	23.5018975	37.7732604
	23.5019071	37.7731987
	23.5019326	37.7731901
	23.5019769	37.7732118
	23.5020124	37.7732194
	23.5020377	37.773192
	23.5019877	37.7731289
	23.5019311	37.7730905
	23.5018707	37.7731115
	23.5018351	37.7731251
	23.5018016	37.7731612
	23.5017195	37.7731918
	23.5016796	37.7731934
	23.5015223	37.7730922
	23.5012204	37.772934
	23.5009997	37.7728678
	23.500926	37.7728773
	23.5008188	37.7729017
	23.5007772	37.7729457
	23.5008188	37.7729971
	23.5007738	37.7730517
	23.5006243	37.7730172
	23.5004037	37.772951
	23.5003728	37.7728942
	23.5002644	37.7728651
	23.5001911	37.772961
	23.50014	37.7729436
	23.5001677	37.7727734
	23.5000671	37.7727124
	23.4998525	37.7727458
	23.4991433	37.7725433
	23.4989982	37.7726531
	23.4989509	37.772625
	23.4989761	37.7724739
	23.4989077	37.7723409
	23.498785	37.7723096
	23.4986569	37.772361
	23.4985885	37.7724247
	23.4983715	37.7725201
	23.4982115	37.7725191
	23.4978201	37.7725165
	23.4976892	37.7724416
	23.4976448	37.7723971
	23.4975634	37.7723964
	23.4975304	37.7724099
	23.4975027	37.7724213
	23.4974839	37.7724489
	23.4974785	37.7724637
	23.4974785	37.7724828
	23.4975188	37.7725061
	23.4975295	37.7725421
	23.4975215	37.7725824
	23.4974909	37.7725782
	23.4974908	37.7725787
	23.4974946	37.77254
	23.4974694	37.772557
	23.4974463	37.772557
	23.4974222	37.7725803
	23.4973954	37.7726058
	23.4973712	37.7726227
	23.4973605	37.7726524
	23.4973337	37.7726757
	23.4973364	37.7727202
	23.497323	37.772769
	23.4972988	37.7727881
	23.4972843	37.7728156
	23.4972613	37.7728199
	23.4972575	37.7727944
	23.4972237	37.7727944
	23.4972076	37.7728029
	23.4971889	37.7728114
	23.4971717	37.7727838
	23.4971298	37.7727626
	23.4971084	37.7727775
	23.4970869	37.7727944
	23.4970628	37.7728008
	23.497036	37.7728199
	23.497036	37.7728368
	23.4970682	37.7728517
	23.4970682	37.772875
	23.4970521	37.7729026
	23.4970242	37.7728983
	23.4969904	37.7728835
	23.4969517	37.7728771
	23.4969222	37.7728602
	23.4968992	37.7728496
	23.4968643	37.7728305
	23.4968697	37.7727796
	23.4968724	37.7727542
	23.4968257	37.7727372
	23.4967989	37.7727202
	23.4967881	37.7726927
	23.4967543	37.7726948
	23.4967114	37.772699
	23.4966766	37.7727075
	23.4966299	37.7726906
	23.496595	37.7726906
	23.496528	37.7726821
	23.496485	37.7726884
	23.496462	37.7726884
	23.4964325	37.7726948
	23.4964073	37.7727075
	23.4963842	37.772716
	23.4963413	37.7727202
	23.4963214	37.7727224
	23.4962876	37.7727351
	23.4962635	37.7727584
	23.496242	37.7727711
	23.4962259	37.772752
	23.4961991	37.7727626
	23.496183	37.7727838
	23.4961696	37.7728072
	23.4961562	37.7728199
	23.4961643	37.7728474
	23.4961562	37.772875
	23.4961364	37.7728877
	23.4961106	37.7728877
	23.4961079	37.7729005
	23.4960908	37.7729111
	23.4960731	37.7728941
	23.4960489	37.7728771
	23.4960194	37.772875
	23.495998	37.7728856
	23.4959674	37.7729069
	23.4959238	37.7729065
	23.4959202	37.7729471
	23.4959068	37.7729619
	23.4959175	37.7729831
	23.4959191	37.7730001
	23.4958769	37.7730095
	23.4958665	37.773034
	23.4958719	37.7730552
	23.4958853	37.7730679
	23.4959041	37.7730849
	23.4958896	37.773104
	23.4958424	37.7730976
	23.4958048	37.7730807
	23.495793	37.7730934
	23.4957582	37.773104
	23.4956975	37.7730807
	23.4956589	37.7730531
	23.4956439	37.7730001
	23.495608	37.7729535
	23.4955849	37.7729217
	23.4955543	37.7729005
	23.4955114	37.7728835
	23.4954604	37.7728665
	23.4954148	37.7728411
	23.4953612	37.7728347
	23.4953489	37.7728156
	23.4952941	37.7727923
	23.4952389	37.7727923
	23.4951842	37.7727944
	23.4951396	37.7727902
	23.4951128	37.7727775
	23.4950833	37.7727732
	23.4950608	37.7727605
	23.4950179	37.7727499
	23.4949857	37.7727414
	23.4949519	37.7727308
	23.4949133	37.7727414
	23.4948891	37.7727436
	23.4948662	37.7727457
	23.4948543	37.7727563
	23.4948286	37.7727584
	23.4948018	37.7727414
	23.4947696	37.772733
	23.4947362	37.7727351
	23.4947121	37.7727266
	23.4947106	37.7726969
	23.4947309	37.7726757
	23.4947455	37.7726418
	23.494767	37.7725824
	23.4947509	37.77254
	23.4947535	37.7724955
	23.494724	37.7724552
	23.4947053	37.7724891
	23.4946892	37.7725061
	23.4946597	37.7724934
	23.4946355	37.7724531
	23.4946194	37.7724383
	23.4945953	37.7724086
	23.4945792	37.7723959
	23.4945443	37.7724128
	23.4945068	37.7724298
	23.49448	37.7724425
	23.4944585	37.7724255
	23.494488	37.772398
	23.4944975	37.7723789
	23.49448	37.7723471
	23.4944585	37.7723195
	23.494429	37.772292
	23.4944022	37.7722771
	23.4943807	37.7722347
	23.494429	37.7722453
	23.4944665	37.772258
	23.4945014	37.7722792
	23.4945256	37.7723089
	23.4945309	37.7723344
	23.4945443	37.7723577
	23.4945765	37.7723535
	23.494606	37.772345
	23.4946489	37.7723217
	23.4946597	37.7722983
	23.4946624	37.7722686
	23.4946677	37.7722262
	23.4946477	37.7721987
	23.4946194	37.772169
	23.4945807	37.7721351
	23.4945417	37.7721139
	23.4945229	37.7721202
	23.4944934	37.7721351
	23.4944907	37.772152
	23.4944843	37.7721705
	23.4944755	37.7721717
	23.4944653	37.7721697
	23.4944558	37.7721563
	23.4944478	37.7721351
	23.4944478	37.7721054
	23.4944451	37.7720842
	23.494429	37.772063
	23.4943554	37.7720312
	23.4942521	37.7720005
	23.4940987	37.771993
	23.4940542	37.7720831
	23.4939537	37.7721879
	23.4937854	37.7722462
	23.4938457	37.7721671
	23.4938961	37.7720681
	23.493871	37.7720178
	23.4938254	37.7720093
	23.4937623	37.7720256
	23.4937153	37.7720582
	23.4935209	37.7720009
	23.4933778	37.7720026
	23.4933439	37.7720576
	23.4930004	37.7721198
	23.4925175	37.772151
	23.4924682	37.7721352
	23.49242	37.7721225
	23.4923729	37.7721016
	23.4923395	37.7720886
	23.4923273	37.7720592
	23.4922817	37.7720465
	23.4922859	37.7720652
	23.4922764	37.7720804
	23.492243	37.7720674
	23.4922054	37.7720525
	23.4921731	37.7720631
	23.4921248	37.7720652
	23.492102	37.7720677
	23.4920859	37.7721037
	23.4921115	37.7721055
	23.4921329	37.7721225
	23.4921502	37.772144
	23.4921652	37.7721712
	23.4921223	37.7721734
	23.4921007	37.7721734
	23.4920793	37.7721585
	23.4920095	37.7721522
	23.4919399	37.7721331
	23.4917414	37.7720695
	23.4917345	37.772108
	23.491705	37.7721631
	23.4916797	37.7722136
	23.4916567	37.7722415
	23.4916432	37.7722606
	23.4916273	37.7722776
	23.491626	37.7723133
	23.4916287	37.7723642
	23.4916367	37.772379
	23.491638	37.7724196
	23.4916487	37.772462
	23.4916594	37.7724981
	23.4916609	37.7725168
	23.4916702	37.7725489
	23.4916863	37.7725723
	23.4917185	37.7725998
	23.4917467	37.7726186
	23.4917467	37.7726398
	23.4917748	37.7726465
	23.4917977	37.7726525
	23.4918204	37.7726677
	23.4918257	37.7726868
	23.4918379	37.7727204
	23.4918808	37.7727861
	23.4918982	37.7728055
	23.4919035	37.7728309
	23.491925	37.7728542
	23.4919356	37.7728691
	23.4919586	37.7729006
	23.4919855	37.7729239
	23.4920108	37.7729581
	23.4920054	37.7729772
	23.4919813	37.7729836
	23.4919486	37.7729782
	23.4919157	37.7729917
	23.4918788	37.772974
	23.4918513	37.7729535
	23.4917849	37.7729719
	23.4917279	37.7729832
	23.4916716	37.7729896
	23.4916367	37.7729875
	23.491559	37.7729641
	23.491508	37.7729641
	23.4914497	37.7729719
	23.4914309	37.7729592
	23.4914517	37.7729366
	23.4914034	37.7729366
	23.4913551	37.7729493
	23.491331	37.7729641
	23.4912934	37.7729917
	23.4912639	37.773015
	23.491219	37.773044
	23.4911969	37.7730786
	23.4911653	37.77308
	23.4911332	37.7730546
	23.4911727	37.7730362
	23.4911432	37.7730129
	23.4910849	37.7730164
	23.4910286	37.7730037
	23.4909742	37.7729853
	23.490924	37.7729549
	23.4908348	37.7729217
	23.4907845	37.7729146
	23.4907167	37.772926
	23.4906336	37.7729408
	23.4905665	37.7729557
	23.4904975	37.772974
	23.4904834	37.7730108
	23.4904458	37.7730256
	23.4903815	37.7730214
	23.4903466	37.7730383
	23.4903466	37.7730574
	23.49036	37.7730786
	23.4903627	37.773102
	23.4903258	37.7731139
	23.4903547	37.7731274
	23.4903091	37.7731422
	23.4902635	37.7731444
	23.4901589	37.773138
	23.4899765	37.773174
	23.4898826	37.7731825
	23.4898102	37.7731825
	23.4897941	37.7731952
	23.4897538	37.7732228
	23.4897753	37.7732376
	23.4897485	37.7732504
	23.4897082	37.7732461
	23.489666	37.773239
	23.4896251	37.7732228
	23.4895902	37.7732037
	23.4895366	37.7732058
	23.4895399	37.7732221
	23.4895205	37.7732461
	23.4895044	37.7732546
	23.4895212	37.7732814
	23.489491	37.7732991
	23.4894615	37.7733012
	23.489438	37.7733153
	23.4894239	37.7733415
	23.4893971	37.7733542
	23.4893435	37.7733627
	23.489314	37.7733733
	23.4893086	37.7734073
	23.4892824	37.7734341
	23.4892496	37.7734285
	23.4892234	37.773415
	23.4892201	37.7733712
	23.4892181	37.773345
	23.4892067	37.7733267
	23.4891718	37.7733288
	23.4891128	37.773333
	23.4890196	37.7733356
	23.4889465	37.7733712
	23.4888526	37.7734285
	23.4887882	37.7734581
	23.4886917	37.7735048
	23.488579	37.7735514
	23.48851	37.7735698
	23.4884637	37.7735832
	23.4884342	37.7735938
	23.4883973	37.773609
	23.4883531	37.7736132
	23.4883155	37.7736312
	23.488284	37.7736511
	23.4882565	37.7736652
	23.488233	37.7736701
	23.4882116	37.7736574
	23.4882059	37.7736425
	23.4882062	37.7736256
	23.4882358	37.7735998
	23.4882572	37.7735811
	23.4885797	37.7734489
	23.4886541	37.7734094
	23.4887292	37.77335
	23.4888023	37.7732793
	23.4888828	37.7731775
	23.488923	37.7731076
	23.4890055	37.773138
	23.4890759	37.7729888
	23.4889333	37.7727306
	23.4888918	37.7727098
	23.4888658	37.7727332
	23.4888551	37.7727258
	23.4883403	37.7731136
	23.4883189	37.7730977
	23.4888352	37.7727119
	23.4888246	37.7727046
	23.4888506	37.7726812
	23.4887514	37.7726242
	23.4887397	37.7725905
	23.4883323	37.7724977
	23.488261	37.7724878
	23.4882015	37.7724898
	23.4881472	37.7724935
	23.4879192	37.7725398
	23.4877697	37.7725839
	23.4877368	37.7725952
	23.4877183	37.7726132
	23.4877081	37.7726384
	23.4876982	37.7726719
	23.4877019	37.7727012
	23.4877099	37.7727404
	23.4877969	37.7730725
	23.4879802	37.7730425
	23.4879968	37.7731057
	23.4877318	37.773149
	23.4876379	37.7731644
	23.4876137	37.7730721
	23.4875898	37.7730761
	23.4875078	37.7727716
	23.487415	37.7727712
	23.4873452	37.7727882
	23.487187	37.7728179
	23.4870482	37.7728616
	23.4869402	37.7729069
	23.486908	37.7729345
	23.4868711	37.772957
	23.4868302	37.772979
	23.4867766	37.7730002
	23.4867498	37.7730235
	23.4867786	37.7730406
	23.4867876	37.7730417
	23.486791	37.7730453
	23.4867927	37.7730511
	23.4867806	37.7730617
	23.4867662	37.7730767
	23.4868349	37.7731464
	23.4868125	37.7731602
	23.4867438	37.7730905
	23.4867236	37.7731033
	23.4866779	37.773051
	23.48665	37.773062
	23.4866284	37.7730812
	23.4866175	37.7730982
	23.4866264	37.7731147
	23.4866083	37.7731373
	23.4865674	37.7731825
	23.4865408	37.7732048
	23.4865218	37.7732207
	23.486511	37.7732419
	23.486511	37.7732588
	23.4865325	37.7734687
	23.48656	37.7734744
	23.4865888	37.7734899
	23.4866049	37.7735027
	23.4866022	37.7735154
	23.4865513	37.7735217
	23.486503	37.7735217
	23.4864735	37.7735281
	23.4862236	37.7735566
	23.4862266	37.7736468
	23.4862387	37.7737774
	23.4862682	37.7738516
	23.4863017	37.7738737
	23.4863527	37.7738737
	23.4863567	37.773894
	23.4863554	37.7739182
	23.4863514	37.7739534
	23.4863299	37.7739831
	23.4863111	37.7740339
	23.4863098	37.7740835
	23.4863393	37.7741259
	23.4863634	37.7741811
	23.4863929	37.7742171
	23.486409	37.7742447
	23.4864332	37.7742638
	23.4864506	37.774282
	23.4864734	37.7742977
	23.4864895	37.774304
	23.4864908	37.7743392
	23.4864989	37.7743668
	23.4865056	37.7744164
	23.4865203	37.7744516
	23.4865512	37.7745669
	23.4865874	37.7745724
	23.4866263	37.7745839
	23.4866638	37.774603
	23.4866719	37.774639
	23.4866638	37.7746899
	23.4866504	37.7747217
	23.4866705	37.7747463
	23.4867014	37.7747662
	23.4867443	37.774815
	23.4868194	37.7748828
	23.4868596	37.7749231
	23.48692	37.7749774
	23.4869656	37.7750177
	23.4870125	37.7750567
	23.4870313	37.7750694
	23.4870313	37.7751033
	23.4870045	37.7751139
	23.4869723	37.7751076
	23.4869186	37.7750757
	23.4868865	37.7750461
	23.4868462	37.7750206
	23.4865914	37.7747895
	23.48657	37.7747789
	23.4865324	37.7747747
	23.4864734	37.7747726
	23.4864278	37.7747683
	23.4864358	37.7748107
	23.4863983	37.7748319
	23.4863648	37.774865
	23.4863058	37.774918
	23.4862441	37.7749435
	23.4861864	37.7749443
	23.4861167	37.7749379
	23.4860952	37.774921
	23.4860577	37.7749485
	23.4860134	37.7749753
	23.4859933	37.7749655
	23.4859772	37.7749443
	23.4860121	37.774921
	23.4860335	37.7748913
	23.485996	37.7748701
	23.4859584	37.7748871
	23.4859182	37.7749125
	23.4858538	37.7748998
	23.4858189	37.7748955
	23.4857894	37.7749104
	23.4857438	37.7749337
	23.4857049	37.7749668
	23.4856553	37.7749825
	23.4855963	37.774974
	23.4855614	37.7749634
	23.4854515	37.7749401
	23.4854032	37.7749252
	23.4853683	37.7749083
	23.4852744	37.7748892
	23.4852262	37.7748616
	23.4851993	37.7748383
	23.4851779	37.7748129
	23.4851189	37.7748001
	23.4850706	37.7747811
	23.4850626	37.7747599
	23.4850411	37.7747344
	23.4849767	37.7747259
	23.4848882	37.7747111
	23.4847863	37.7746835
	23.4846978	37.7746602
	23.4845798	37.7746623
	23.4845154	37.7746645
	23.48451	37.774639
	23.4845261	37.7746009
	23.4844912	37.7745754
	23.4844591	37.7745478
	23.4844564	37.7745203
	23.4844644	37.7744609
	23.4844725	37.7744164
	23.484502	37.7743592
	23.4845047	37.7743189
	23.4844939	37.7742956
	23.484451	37.7742404
	23.4843893	37.7741874
	23.4843196	37.7741747
	23.4842713	37.7741874
	23.484215	37.7742341
	23.4841345	37.7742659
	23.4840809	37.7742553
	23.484054	37.7742341
	23.4840353	37.7742129
	23.4839763	37.7741959
	23.4839253	37.7741917
	23.4838904	37.7741747
	23.4838636	37.774145
	23.4838314	37.7740984
	23.4838287	37.7740814
	23.4838073	37.7740729
	23.4837563	37.7740814
	23.4837295	37.7741069
	23.4836839	37.7741047
	23.483649	37.7740496
	23.4836383	37.7740284
	23.4836383	37.7739924
	23.4836356	37.7739542
	23.4836088	37.7739076
	23.4836034	37.7738567
	23.4835712	37.7737889
	23.4835578	37.7737401
	23.4835301	37.7736845
	23.4831951	37.7733941
	23.4831228	37.7734904
	23.4831087	37.7734568
	23.4831381	37.7732834
	23.4830616	37.7732291
	23.4830252	37.7732876
	23.4829388	37.7732388
	23.4829544	37.7731359
	23.482781	37.7732488
	23.4826832	37.773231
	23.4825812	37.7732694
	23.4825616	37.7731631
	23.482507	37.7731763
	23.4824713	37.7731554
	23.4823755	37.7731817
	23.4823329	37.7731218
	23.4822904	37.7731209
	23.4821555	37.7732606
	23.4820881	37.7732589
	23.4820434	37.7732189
	23.4821014	37.7731195
	23.4820494	37.7730658
	23.4819462	37.7730891
	23.4818295	37.7731341
	23.4817797	37.7732083
	23.4818362	37.7732361
	23.4818396	37.7732749
	23.4818073	37.7733153
	23.4817416	37.7733304
	23.4817522	37.7733716
	23.4818148	37.773396
	23.4817994	37.7734242
	23.481739	37.773416
	23.4816966	37.7733775
	23.4816779	37.773333
	23.4816078	37.7733435
	23.4815749	37.773377
	23.4816109	37.773428
	23.4815666	37.773526
	23.481536	37.7740251
	23.4816771	37.7742424
	23.4815199	37.7743581
	23.4813513	37.7744493
	23.4811676	37.7743345
	23.4809516	37.7741325
	23.4807407	37.7739805
	23.4803733	37.7738764
	23.4798988	37.7736313
	23.4798481	37.7734826
	23.4795703	37.773296
	23.4795675	37.7730744
	23.479857	37.7727488
	23.4797436	37.772534
	23.4795347	37.7724094
	23.4793256	37.7724044
	23.4788314	37.772555
	23.4786785	37.7726747
	23.4784719	37.772652
	23.4781127	37.7724542
	23.4771909	37.7717217
	23.4765268	37.7716249
	23.4758237	37.7716439
	23.4756021	37.7715619
	23.475405	37.7715042
	23.4748377	37.771551
	23.4746486	37.7716325
	23.4740839	37.7717805
	23.4739533	37.7718541
	23.4738072	37.7718631
	23.4734834	37.7718096
	23.4731102	37.7718733
	23.472771	37.7720016
	23.4726239	37.7720772
	23.4725344	37.7721289
	23.4724779	37.7721768
	23.4724417	37.7722228
	23.4724215	37.7722697
	23.472367	37.7722893
	23.4723313	37.7722892
	23.472333	37.7722984
	23.4724687	37.7724499
	23.472451	37.7724617
	23.4721881	37.7721818
	23.4721683	37.7721996
	23.4721307	37.7722188
	23.4721023	37.7722497
	23.4720583	37.7722718
	23.4720261	37.7722888
	23.4719832	37.7723164
	23.4719377	37.7723293
	23.471877	37.7724066
	23.4720567	37.7728751
	23.4724456	37.7727373
	23.4724966	37.7727225
	23.4725663	37.7726843
	23.4726361	37.7726482
	23.4726978	37.7726101
	23.4727273	37.7726016
	23.4727407	37.7726143
	23.4727353	37.7726334
	23.4727074	37.7726619
	23.4726682	37.772697
	23.4726296	37.7727255
	23.4725813	37.7727467
	23.4725492	37.7727573
	23.4725089	37.7727785
	23.4724885	37.7728008
	23.4724617	37.7728264
	23.4724268	37.7728454
	23.4723882	37.7728591
	23.4723652	37.7728688
	23.4723276	37.7728857
	23.4722901	37.7728984
	23.4722337	37.7729196
	23.4721908	37.7729218
	23.4721533	37.7729366
	23.4721264	37.7729536
	23.4720916	37.7729726
	23.4720272	37.7730023
	23.4719483	37.7730245
	23.4718625	37.7730499
	23.4717606	37.7730838
	23.4716866	37.7730999
	23.4716249	37.7731062
	23.4715846	37.7731062
	23.4715364	37.7730956
	23.4714988	37.7730744
	23.4714307	37.7730414
	23.4713593	37.7730193
	23.4713218	37.7729854
	23.4712628	37.7729642
	23.4712413	37.7729387
	23.4711823	37.7729196
	23.4711528	37.7729218
	23.4711233	37.772926
	23.4710965	37.7729366
	23.471067	37.772943
	23.4710133	37.7729387
	23.4709785	37.7729218
	23.4709463	37.7729112
	23.4709141	37.7728709
	23.4709141	37.772837
	23.4708926	37.7728264
	23.4708524	37.77282
	23.4708497	37.7728391
	23.4708218	37.7728528
	23.4707762	37.7728528
	23.4707317	37.7728454
	23.4706984	37.7728146
	23.4706539	37.7728052
	23.4706271	37.7727712
	23.4706206	37.7727446
	23.4705751	37.772734
	23.4705305	37.7727352
	23.470493	37.7727204
	23.4704742	37.7727013
	23.4704608	37.7726737
	23.470442	37.7726398
	23.4704259	37.7726271
	23.4703911	37.7726122
	23.4703605	37.7726047
	23.4702945	37.772608
	23.4702425	37.7726217
	23.4701915	37.7726365
	23.4701711	37.7726461
	23.470076	37.7726549
	23.4698222	37.772636
	23.469664	37.7727139
	23.4695088	37.7728838
	23.4692073	37.7730002
	23.4690789	37.7732802
	23.4691117	37.7733746
	23.4691804	37.77341
	23.4690876	37.7735943
	23.4699835	37.7738732
	23.4699678	37.7739003
	23.4699864	37.7739716
	23.4700575	37.7740113
	23.4701548	37.7740365
	23.4702461	37.7740566
	23.4703203	37.774053
	23.4703742	37.7740143
	23.4704227	37.7740238
	23.470447	37.774048
	23.4704047	37.7740914
	23.4703378	37.7741253
	23.470277	37.7741306
	23.4702126	37.7741214
	23.4692279	37.7738403
	23.4684156	37.7735903
	23.4681725	37.7733481
	23.4675934	37.7731381
	23.4675017	37.7730203
	23.4674411	37.7728856
	23.4675158	37.772652
	23.4674441	37.7725151
	23.4677158	37.7725671
	23.4677576	37.7723783
	23.4677114	37.7721727
	23.4667075	37.7716773
	23.4663296	37.7717158
	23.4661926	37.7719556
	23.4649998	37.771773
	23.4647581	37.7717884
	23.4646806	37.7717628
	23.4644911	37.7716158
	23.4641207	37.7715406
	23.4628976	37.7712824
	23.4621756	37.770989
	23.4617167	37.7709085
	23.4615262	37.7710002
	23.4613636	37.7712277
	23.4612378	37.7713414
	23.4611793	37.7713812
	23.4611127	37.771378
	23.4611309	37.771217
	23.4610744	37.7712106
	23.4610522	37.7713717
	23.4608404	37.7713414
	23.4606388	37.7712521
	23.4605742	37.7711548
	23.4605178	37.7711517
	23.4604613	37.7712473
	23.4603362	37.771284
	23.4603342	37.7713812
	23.4602939	37.7715215
	23.4602394	37.7715215
	23.4602132	37.7712521
	23.4601628	37.7712601
	23.4601809	37.7715199
	23.4601406	37.7715247
	23.4600922	37.7714641
	23.4600317	37.7711931
	23.4598643	37.7711341
	23.4595765	37.7711662
	23.4589709	37.7713111
	23.4583981	37.7715279
	23.4583134	37.7716371
	23.4583154	37.7716666
	23.4576539	37.7716857
	23.4576458	37.7715789
	23.4575405	37.7715497
	23.4574518	37.7715505
	23.4573832	37.7715753
	23.4573439	37.7716095
	23.4573459	37.7716406
	23.4573933	37.7716661
	23.4574457	37.7716717
	23.4575083	37.7716621
	23.4575708	37.7716446
	23.4575859	37.7716669
	23.4575163	37.7717004
	23.4574286	37.7717084
	23.4570978	37.7717259
	23.4567237	37.7717478
	23.4567167	37.7719371
	23.4566703	37.7720352
	23.4566067	37.7720479
	23.4565664	37.7720336
	23.4565513	37.7716589
	23.4563657	37.7716629
	23.4563809	37.7720439
	23.4563546	37.7720567
	23.4563224	37.7720583
	23.456279	37.7720384
	23.4562124	37.7713417
	23.4561318	37.7713401
	23.4561308	37.7713776
	23.4560299	37.7713768
	23.4560259	37.7713401
	23.455923	37.7713409
	23.4559396	37.7721758
	23.4559029	37.7722344
	23.4558587	37.7722265
	23.4558259	37.7721848
	23.455756	37.7713867
	23.4556533	37.7711387
	23.4556605	37.7710361
	23.4556961	37.7709933
	23.4557519	37.770968
	23.4557132	37.7709166
	23.4555392	37.770858
	23.4554822	37.770929
	23.4554494	37.7710091
	23.4554822	37.7710722
	23.4555164	37.7710812
	23.4555649	37.771088
	23.4555179	37.7710992
	23.4554708	37.7710936
	23.4554237	37.7710124
	23.4554665	37.7709144
	23.4555022	37.7708445
	23.4553111	37.7707216
	23.4551972	37.7706303
	23.4551437	37.7705949
	23.4550679	37.7706167
	23.4550921	37.7706507
	23.4548905	37.7707719
	23.4548457	37.7707351
	23.4548816	37.7707134
	23.4551216	37.7705683
	23.454932	37.7704332
	23.4548784	37.7704737
	23.4546855	37.7705649
	23.4548405	37.7706766
	23.454844	37.7706912
	23.4548345	37.7707
	23.4548225	37.7706977
	23.4546183	37.7705949
	23.4544748	37.7704321
	23.4544882	37.7704297
	23.4546226	37.7705386
	23.4548078	37.7704413
	23.4548078	37.7703287
	23.4547234	37.7700811
	23.4545263	37.7697951
	23.4544973	37.7697235
	23.4540107	37.7694653
	23.4530019	37.7687789
	23.4525422	37.7685131
	23.4522465	37.7684028
	23.4520274	37.7683065
	23.451876	37.7682286
	23.4518532	37.7681173
	23.451646	37.7679727
	23.4514495	37.7679088
	23.4512375	37.7678169
	23.4505398	37.767628
	23.450276	37.7675897
	23.4501764	37.7676025
	23.450093	37.7675535
	23.449989	37.7675758
	23.4499369	37.7675599
	23.4499019	37.7675216
	23.4498508	37.7674301
	23.4498077	37.7674301
	23.4497727	37.7674152
	23.4496947	37.767394
	23.4496516	37.7673323
	23.4496274	37.7672897
	23.4495493	37.7672365
	23.4494326	37.7672313
	23.4493448	37.7671727
	23.4492614	37.7671493
	23.4492398	37.7671089
	23.4491375	37.7670961
	23.4489922	37.7670876
	23.4488846	37.7670812
	23.44875	37.7670557
	23.4486154	37.7670599
	23.4485723	37.767028
	23.4485024	37.7669578
	23.4483974	37.7669514
	23.4482924	37.7669514
	23.4482063	37.7669004
	23.447956	37.7667982
	23.4477811	37.7667557
	23.4476061	37.7667153
	23.4474514	37.7667263
	23.4473935	37.7666855
	23.4473558	37.7666238
	23.4473047	37.7665706
	23.4472186	37.766577
	23.4471443	37.7665261
	23.4470425	37.7665251
	23.4469137	37.7665354
	23.4469035	37.7665965
	23.4468283	37.7666578
	23.446761	37.7666439
	23.4467375	37.7666279
	23.4467211	37.7666169
	23.4466521	37.7666333
	23.4466472	37.7666474
	23.4466401	37.766668
	23.4467233	37.7667387
	23.4467153	37.7667621
	23.4466614	37.7667599
	23.4465861	37.7667589
	23.4464946	37.7667727
	23.4464261	37.7667941
	23.4463465	37.7668004
	23.4463519	37.7667514
	23.4464111	37.7667131
	23.4463829	37.7666672
	23.4463921	37.7666404
	23.4463282	37.7665922
	23.446312	37.7665913
	23.4462739	37.7665897
	23.4461786	37.7665787
	23.4460467	37.7665135
	23.445959	37.7665046
	23.4458149	37.7665141
	23.4457912	37.7665248
	23.4457624	37.7665379
	23.445749	37.7665706
	23.4456064	37.7665259
	23.4452969	37.7664812
	23.4449201	37.7664089
	23.4448043	37.7663578
	23.4446967	37.7662919
	23.4445514	37.7662536
	23.4443494	37.7662456
	23.4440892	37.7663926
	23.44397	37.7664216
	23.4439108	37.7664855
	23.4438301	37.7666301
	23.4437789	37.7667259
	23.4438139	37.7667833
	23.4437687	37.7668535
	23.4436722	37.7668717
	23.4435583	37.7668238
	23.4435448	37.7667599
	23.4435232	37.7667025
	23.4435717	37.7666025
	23.4435232	37.7665429
	23.4436099	37.7663926
	23.4436847	37.7663068
	23.443612	37.7662153
	23.4435125	37.7660982
	23.4432647	37.765967
	23.4431195	37.7659493
	23.4429204	37.7659323
	23.4427339	37.7659242
	23.4426754	37.7658961
	23.4425353	37.7659088
	23.4424036	37.7658493
	23.4422426	37.7658001
	23.4421371	37.765711
	23.4421093	37.7656002
	23.4418895	37.7654961
	23.4415859	37.7654326
	23.4415746	37.7654302
	23.4410337	37.7653578
	23.440786	37.7653387
	23.440568	37.7652536
	23.4404455	37.7651909
	23.4404308	37.7651834
	23.4401616	37.7651514
	23.4397781	37.7651114
	23.4395588	37.7651068
	23.4393354	37.7651004
	23.4390749	37.7651293
	23.438937	37.7651493
	23.4387944	37.7652153
	23.4386652	37.7652536
	23.4385549	37.7653366
	23.4383698	37.765412
	23.4382453	37.7654046
	23.4381027	37.7654366
	23.4380193	37.765494
	23.4378651	37.765511
	23.4378144	37.7655359
	23.4377616	37.7655497
	23.4376505	37.7655791
	23.4375079	37.7656302
	23.4374218	37.7657025
	23.437306	37.7657195
	23.4371822	37.76576
	23.4371257	37.7658025
	23.4370154	37.7657663
	23.4368442	37.765761
	23.4367543	37.7658217
	23.4366789	37.7658131
	23.4366682	37.76576
	23.4366816	37.7657025
	23.4365605	37.7656578
	23.4364555	37.7656557
	23.4363425	37.7656727
	23.4362079	37.7657046
	23.4359738	37.7656791
	23.4359038	37.7656131
	23.4358231	37.7655578
	23.4357181	37.7655685
	23.4353165	37.7656156
	23.4350767	37.7655648
	23.4348307	37.7655715
	23.4344995	37.7654578
	23.4343724	37.765411
	23.4342593	37.7653259
	23.4341678	37.7651983
	23.4340782	37.765136
	23.4339814	37.7651064
	23.4338619	37.7650697
	23.4337432	37.76509
	23.4335084	37.7650789
	23.4333262	37.7650639
	23.4329971	37.7650897
	23.4327135	37.7651216
	23.4325907	37.7651344
	23.4324588	37.7651557
	23.4324103	37.7652259
	23.4324076	37.7653025
	23.4324372	37.7653621
	23.4323834	37.7654578
	23.4323969	37.765494
	23.4323296	37.7655855
	23.4322488	37.7657025
	23.4321977	37.7658834
	23.4321224	37.7659238
	23.432098	37.7657842
	23.4319447	37.7658004
	23.4318362	37.7658401
	23.4318209	37.765977
	23.4317886	37.7661514
	23.4317402	37.766402
	23.4319706	37.7665094
	23.4319414	37.7665518
	23.43167	37.7664618
	23.4315652	37.7665876
	23.4314818	37.7667046
	23.4313877	37.7669073
	23.4310497	37.7671066
	23.4309031	37.7671599
	23.4307282	37.7671514
	23.4305137	37.7671914
	23.4302572	37.7671769
	23.4301576	37.7671089
	23.4300903	37.7671025
	23.4299407	37.7670606
	23.4297154	37.7669603
	23.4294583	37.7664418
	23.4294759	37.7663083
	23.4295504	37.766179
	23.4295608	37.7660708
	23.4294657	37.7659986
	23.4290411	37.7659815
	23.4289252	37.7658707
	23.4286283	37.7658537
	23.4281609	37.7658638
	23.4281015	37.7658946
	23.4281417	37.7660153
	23.4280918	37.7660566
	23.4280448	37.7660621
	23.4279288	37.7659571
	23.4278833	37.7658578
	23.4277165	37.7658536
	23.4275534	37.7659275
	23.4274043	37.7659387
	23.4273962	37.7660514
	23.4274554	37.766077
	23.4274344	37.7662696
	23.4273989	37.7664578
	23.4273945	37.7666095
	23.4273208	37.7667344
	23.4272637	37.7668715
	23.4270651	37.7669961
	23.4268875	37.7671493
	23.4267368	37.7673089
	23.4266099	37.7674175
	23.4265072	37.7673346
	23.4263638	37.7673708
	23.4262749	37.767559
	23.4259919	37.7675995
	23.4256648	37.7674645
	23.4255264	37.7673414
	23.4253745	37.7672471
	23.425145	37.7671441
	23.4251652	37.767033
	23.4250331	37.7668789
	23.4248893	37.7668279
	23.4246919	37.7666748
	23.4248754	37.7665252
	23.4247922	37.7661466
	23.4246025	37.7660174
	23.4245729	37.7659408
	23.4244079	37.7658836
	23.4242714	37.7659004
	23.4242903	37.7657323
	23.4242984	37.7655706
	23.4242322	37.7653687
	23.4241769	37.7653403
	23.4241371	37.765324
	23.4240917	37.7653076
	23.4240116	37.7652828
	23.4239927	37.7652781
	23.423987	37.765274
	23.4239874	37.7652677
	23.4239888	37.7652596
	23.4239671	37.7652468
	23.4239385	37.7652365
	23.4238997	37.7652274
	23.4238798	37.7652269
	23.4238576	37.7652293
	23.4238342	37.7652403
	23.4238167	37.7652397
	23.4238052	37.7652459
	23.4238028	37.7652592
	23.4238086	37.7652719
	23.4238354	37.765274
	23.4238551	37.7652739
	23.4238611	37.7652887
	23.4238683	37.7653002
	23.4238845	37.7653106
	23.4239036	37.765316
	23.4239155	37.7653702
	23.4239448	37.7653875
	23.4239419	37.7654076
	23.4240443	37.765419
	23.4240469	37.7653915
	23.4240558	37.765392
	23.4240527	37.7654312
	23.4239394	37.7654201
	23.4239155	37.7654187
	23.4238986	37.7653874
	23.4237876	37.7653165
	23.4237494	37.7652953
	23.4237912	37.765172
	23.4237733	37.7648188
	23.4236106	37.7647294
	23.4234868	37.7647269
	23.4233971	37.7647107
	23.4233591	37.7646626
	23.4233362	37.7646204
	23.4232677	37.7646325
	23.4232582	37.7646851
	23.4232087	37.7647378
	23.4231097	37.7648235
	23.4229975	37.7648371
	23.4229159	37.764821
	23.4228376	37.7647754
	23.4227653	37.7647137
	23.4227272	37.7646069
	23.4227101	37.7645241
	23.4227025	37.7644625
	23.4226168	37.7644414
	23.4225353	37.7644254
	23.4224949	37.7642913
	23.4224438	37.7641254
	23.4223631	37.7640424
	23.4222339	37.764002
	23.4220888	37.7639791
	23.4219118	37.7638452
	23.4218544	37.7637318
	23.421736	37.7636339
	23.4216014	37.7635722
	23.4214646	37.7635504
	23.4212459	37.7635011
	23.4211571	37.7634349
	23.4211629	37.7633822
	23.4210829	37.7633371
	23.4210372	37.763304
	23.4209706	37.7632679
	23.4209288	37.7633205
	23.4208831	37.7633506
	23.4207708	37.7633281
	23.4206928	37.763292
	23.4206871	37.7632604
	23.42059	37.7632363
	23.4205348	37.7632543
	23.4201815	37.7631916
	23.4201295	37.7631505
	23.4200743	37.763149
	23.4200248	37.7631957
	23.419903	37.7632348
	23.4197736	37.7632197
	23.4197679	37.7631596
	23.419766	37.7630964
	23.4197641	37.7630588
	23.4197165	37.7630302
	23.4196194	37.7630166
	23.419549	37.7630497
	23.4194557	37.7630663
	23.4193568	37.7630828
	23.4192921	37.7631099
	23.4192436	37.7631271
	23.4192664	37.7631993
	23.4192126	37.7632131
	23.4191763	37.7632067
	23.4191436	37.7631505
	23.419098	37.7630964
	23.4190352	37.7630512
	23.4189476	37.7630151
	23.4188277	37.762982
	23.4187012	37.7629429
	23.4186084	37.7629099
	23.4185828	37.7628748
	23.4185344	37.7629035
	23.4185128	37.7628886
	23.4184604	37.762928
	23.4184307	37.7629461
	23.4184012	37.7629254
	23.418385	37.7628525
	23.4183863	37.7627929
	23.4183729	37.7627429
	23.4183419	37.7626833
	23.4183487	37.7626163
	23.4183312	37.7625493
	23.4182989	37.7625088
	23.4183428	37.7624306
	23.418389	37.7623918
	23.4184186	37.7623333
	23.4184711	37.7622822
	23.4185223	37.7622163
	23.4185552	37.7621773
	23.4185411	37.7620854
	23.4184967	37.762012
	23.4184348	37.7619471
	23.4183863	37.7619344
	23.4182841	37.7618631
	23.4182372	37.761779
	23.4181603	37.7617705
	23.4180876	37.7617769
	23.417992	37.7617982
	23.4178254	37.7618908
	23.4177121	37.7619035
	23.4175682	37.7618629
	23.4175399	37.7618418
	23.4174962	37.761801
	23.4174349	37.7617577
	23.4174403	37.7616992
	23.4174314	37.7616437
	23.4174618	37.761546
	23.4175291	37.7614615
	23.4176018	37.7613641
	23.4176583	37.7613024
	23.4177415	37.7612843
	23.4178211	37.7612577
	23.4179005	37.7612322
	23.4179732	37.7612469
	23.4180432	37.7612482
	23.4181001	37.7612407
	23.4181899	37.7612088
	23.4182555	37.76117
	23.4183177	37.7611269
	23.4183433	37.7610801
	23.4183594	37.7610067
	23.4183746	37.7609461
	23.4184159	37.7608992
	23.4184119	37.7608237
	23.4183863	37.7608013
	23.4183931	37.7607769
	23.4183608	37.7607588
	23.418311	37.7607258
	23.4182921	37.7606502
	23.4183096	37.7606194
	23.4182921	37.7605736
	23.4183002	37.7605141
	23.4182733	37.7604885
	23.418272	37.7604119
	23.4182263	37.7600571
	23.4181961	37.7599868
	23.4182241	37.7598966
	23.418304	37.7597913
	23.4184125	37.7596589
	23.4186238	37.7593805
	23.4186733	37.7592211
	23.4187208	37.7591714
	23.4188084	37.7591218
	23.4189587	37.7589833
	23.4190272	37.7588795
	23.4191395	37.7586824
	23.4192214	37.7584627
	23.4192214	37.758237
	23.4192537	37.7581498
	23.4193203	37.7580023
	23.4194155	37.7579391
	23.4194492	37.7578509
	23.4196058	37.7576909
	23.4197238	37.7575239
	23.4198798	37.7572485
	23.4198989	37.7571372
	23.4199579	37.7570273
	23.4200302	37.7569912
	23.4201387	37.756919
	23.4202186	37.7568528
	23.4202852	37.7567926
	23.4203195	37.7567294
	23.4203537	37.7566331
	23.420394	37.7565634
	23.4204641	37.7564676
	23.4205402	37.7564315
	23.4206201	37.7564293
	23.4207381	37.7562707
	23.4207799	37.7558783
	23.4209064	37.7557698
	23.4210756	37.7556788
	23.421377	37.7557245
	23.4217096	37.7556549
	23.4218995	37.7555325
	23.4220897	37.7554566
	23.4221595	37.7553752
	23.4222433	37.7553186
	23.4222939	37.7553352
	23.4223864	37.7553076
	23.4223811	37.7552248
	23.4224974	37.7552021
	23.4225155	37.7552469
	23.4228698	37.7552013
	23.4230318	37.7552303
	23.4232118	37.7551572
	23.4233586	37.7550363
	23.4234607	37.7548787
	23.423506	37.7546968
	23.4236411	37.7544356
	23.4236499	37.754321
	23.4238977	37.7540989
	23.4239314	37.7539849
	23.4238977	37.7533496
	23.4236708	37.7527949
	23.4237476	37.7526335
	23.4237459	37.7525203
	23.4237685	37.7522637
	23.4237116	37.7519768
	23.4235397	37.7515296
	23.4234866	37.7514132
	23.423394	37.7511748
	23.4232734	37.7509409
	23.4230994	37.7508565
	23.4228909	37.7507986
	23.4227222	37.7507093
	23.4223784	37.7506099
	23.4221649	37.7505366
	23.4220504	37.7504637
	23.4219778	37.750379
	23.421958	37.7502834
	23.4219725	37.7502058
	23.4221086	37.750003
	23.4220841	37.7499533
	23.4222133	37.7497477
	23.4223527	37.7495709
	23.4233376	37.7492584
	23.4234713	37.7491523
	23.4235516	37.7490204
	23.4236691	37.7489353
	23.4238016	37.7489103
	23.4240405	37.748906
	23.4242656	37.7488577
	23.4245309	37.748768
	23.4247176	37.7485969
	23.4247647	37.7486465
	23.4248621	37.7486246
	23.4249148	37.748699
	23.4249978	37.7487183
	23.4251714	37.7486879
	23.4255239	37.7484589
	23.4256157	37.7483231
	23.4256524	37.7482346
	23.425681	37.7480849
	23.4255482	37.748065
	23.4256359	37.7474784
	23.4254313	37.7472807
	23.4254616	37.7472543
	23.4253936	37.7471767
	23.426383	37.7459994
	23.4257223	37.745307
	23.4253825	37.744951
	23.4253327	37.7448988
	23.4252764	37.7448395
	23.425145	37.7447037
	23.4250752	37.7445892
	23.4250559	37.7445524
	23.4250243	37.7444916
	23.4251285	37.7444552
	23.4251817	37.7445195
	23.4252411	37.744591
	23.4252576	37.7446104
	23.4260646	37.7449367
	23.4263841	37.7449328
	23.4263841	37.7449201
	23.4263815	37.7449073
	23.4263868	37.7448904
	23.4264079	37.7448837
	23.4264324	37.7448713
	23.4264592	37.7448543
	23.4264968	37.7448416
	23.4265183	37.744831
	23.4265447	37.7448285
	23.4265746	37.7448501
	23.4265849	37.7448667
	23.4266253	37.7448496
	23.4268089	37.7451571
	23.4265052	37.7452657
	23.4264405	37.7454927
	23.4265129	37.7456666
	23.4265527	37.7457554
	23.4265826	37.7458342
	23.4267945	37.7461672
	23.4271513	37.746042
	23.4268248	37.7454701
	23.4268214	37.7454468
	23.4268508	37.7453676
	23.4268455	37.745357
	23.426837	37.7453419
	23.4268911	37.7453209
	23.4271283	37.7457282
	23.427175	37.7458084
	23.4272532	37.7457981
	23.4272612	37.7458321
	23.4271915	37.7458405
	23.4274057	37.7462156
	23.4280199	37.7461244
	23.4280504	37.7461184
	23.4280816	37.7461075
	23.4284977	37.7459487
	23.4285188	37.7459399
	23.428538	37.7459296
	23.4288046	37.7457498
	23.4286658	37.7456735
	23.4287492	37.7455786
	23.4289521	37.7456902
	23.4291146	37.7455394
	23.4291307	37.7455245
	23.4291415	37.7455012
	23.4293399	37.7451343
	23.4293507	37.7451088
	23.4293587	37.7450876
	23.4293748	37.745007
	23.4293989	37.7448819
	23.4294419	37.7447186
	23.429525	37.7444025
	23.4296099	37.7440458
	23.4294606	37.7439296
	23.4288652	37.7440886
	23.428825	37.7441035
	23.4284655	37.7442307
	23.4284414	37.7442391
	23.4280689	37.744369
	23.4278996	37.744428
	23.4278004	37.7444641
	23.4277172	37.7445043
	23.4278111	37.7446443
	23.4272303	37.7448531
	23.427162	37.7448776
	23.4270627	37.7447101
	23.4271325	37.7446783
	23.427111	37.7446613
	23.427103	37.7446465
	23.4271191	37.7446252
	23.4271352	37.7446104
	23.4271647	37.7445955
	23.4271995	37.7445743
	23.4272076	37.7445637
	23.4272183	37.7445468
	23.4272237	37.7445213
	23.4272183	37.7444959
	23.4271271	37.744341
	23.4270708	37.7442456
	23.4270386	37.7441968
	23.4270037	37.7441459
	23.426854	37.7438961
	23.4268421	37.7438674
	23.4268462	37.7438523
	23.4268633	37.7438342
	23.4268804	37.7438269
	23.4268996	37.7438247
	23.4269186	37.7438278
	23.4269351	37.7438358
	23.4269472	37.7438479
	23.4270543	37.7440374
	23.4271455	37.7441668
	23.4272233	37.7442813
	23.4272773	37.7443792
	23.4273279	37.7444574
	23.4273524	37.7444534
	23.4273739	37.744445
	23.4273953	37.7444301
	23.4274114	37.7444089
	23.4274409	37.744411
	23.4274597	37.7444089
	23.4274839	37.7443962
	23.4275451	37.7444722
	23.4278571	37.7443613
	23.4280096	37.7443071
	23.4283502	37.7441866
	23.4285192	37.7441268
	23.4287436	37.7440492
	23.4288196	37.7440229
	23.4290596	37.7439502
	23.4291978	37.7438978
	23.4292564	37.7438593
	23.4293104	37.743815
	23.4293507	37.7437726
	23.4293721	37.7437344
	23.4293694	37.743692
	23.4293534	37.7436454
	23.4293158	37.7435923
	23.4292809	37.7435245
	23.4292139	37.7433824
	23.429254	37.7433915